270 0.298065591567898
270.25 0.294193124494798
270.5 0.295304646062502
270.75 0.295506513079987
271 0.296634676464024
271.25 0.296674463017402
271.5 0.297916454646136
271.75 0.297696899161785
272 0.297734975635009
272.25 0.297359699504457
272.5 0.297865250228803
272.75 0.299374441161193
273 0.297954482292731
273.25 0.299533901911717
273.5 0.299729399805195
273.75 0.300532200642443
274 0.300148600024639
274.25 0.300488980745481
274.5 0.300765398070603
274.75 0.300064842631268
275 0.300913499033604
275.25 0.300514914004184
275.5 0.30022654395182
275.75 0.299956474428727
276 0.299832127154751
276.25 0.301650637365612
276.5 0.30037079018981
276.75 0.301186355974555
277 0.303010328733424
277.25 0.301336957027893
277.5 0.300985346091585
277.75 0.300979599447397
278 0.300465925633549
278.25 0.301164830603593
278.5 0.301038493316103
278.75 0.301397159968679
279 0.30088331418737
279.25 0.300752451063541
279.5 0.300909187241708
279.75 0.299881298573202
280 0.300599889694964
280.25 0.299781494664949
280.5 0.299195958064063
280.75 0.298579262957984
281 0.297625116621445
281.25 0.297368504456351
281.5 0.296189027272805
281.75 0.295304646062502
282 0.293423096751275
282.25 0.29185452741428
282.5 0.288666690088887
282.75 0.28657286121358
283 0.282798140764323
283.25 0.279106427514526
283.5 0.273044355763497
283.75 0.267119592068834
284 0.258202209654712
284.25 0.244895346654945
284.5 0.227989905752691
284.75 0.199941472215805
285 0.163060046740115
285.25 0.124801648634724
285.5 0.0947548782399488
285.75 0.0905871849460888
286 0.108629196168816
286.25 0.133914319694324
286.5 0.157866075249052
286.75 0.174493994972535
287 0.188043026303896
287.25 0.201708678716026
287.5 0.216174658423264
287.75 0.229472009688461
288 0.237933377560662
288.25 0.240909925370156
288.5 0.243316275933198
288.75 0.243030859388568
289 0.239617634841273
289.25 0.234912095924816
289.5 0.228716435405346
289.75 0.225528735810835
290 0.218488142344554
290.25 0.209427176680176
290.5 0.20262642829807
290.75 0.188581134077046
291 0.168118253565657
291.25 0.138753148456786
291.5 0.107720579918428
291.75 0.079410820772632
292 0.0566162282780699
292.25 0.0366362470774568
292.5 0.0242554108555771
292.75 0.0359665667494696
293 0.0753592174078754
293.25 0.11343478489811
293.5 0.138294200280955
293.75 0.155905528963977
294 0.173217415658222
294.25 0.190518869779698
294.5 0.206942560343848
294.75 0.220136245788242
295 0.230237406202781
295.25 0.239857949572098
295.5 0.246336021730252
295.75 0.251339179439843
296 0.254223576726108
296.25 0.256852732558418
296.5 0.260268185593924
296.75 0.263070000612511
297 0.265313799692757
297.25 0.269468379757858
297.5 0.272720895426457
297.75 0.275184619383553
298 0.278609187457932
298.25 0.282259844561903
298.5 0.286055286164301
298.75 0.291262647178061
299 0.293974748807294
299.25 0.297183505384362
299.5 0.300681944462117
299.75 0.303602647447165
300 0.306783292514287
300.25 0.309239706119479
300.5 0.312000754398265
300.75 0.313641225640377
301 0.316270637746844
301.25 0.318895400176608
301.5 0.3218452972758
301.75 0.324186424753468
302 0.326152663190807
302.25 0.32875834030385
302.5 0.330245441768079
302.75 0.333255062250051
303 0.335721463427622
303.25 0.33802888353729
303.5 0.340510255651933
303.75 0.34210721905918
304 0.345134348162618
304.25 0.347749746107592
304.5 0.349841101733337
304.75 0.3526189039285
305 0.355212291437502
305.25 0.357251543629854
305.5 0.35991737562581
305.75 0.361925802852346
306 0.364530237971441
306.25 0.367142189615714
306.5 0.369372245094026
306.75 0.371343484072027
307 0.373982416237713
307.25 0.376134703233999
307.5 0.377877660951308
307.75 0.380235281893425
308 0.382121821651452
308.25 0.38427577300639
308.5 0.386822623930326
308.75 0.389035354644415
309 0.390944077605825
309.25 0.394219739841595
309.5 0.396033594174082
309.75 0.398937396041752
310 0.401787073375537
310.25 0.403943558904934
310.5 0.40608665904499
310.75 0.408304656207553
311 0.410367670064268
311.25 0.412484891574831
311.5 0.414519585792479
311.75 0.416147384562004
312 0.417867864699316
312.25 0.419596109871339
312.5 0.420847135398119
312.75 0.422516501560444
313 0.423325840018634
313.25 0.424776140282912
313.5 0.42624485651686
313.75 0.426929169929314
314 0.428563952796903
314.25 0.429164088319163
314.5 0.430449198337214
314.75 0.431112352832125
315 0.431875333324661
315.25 0.432488068063914
315.5 0.432752020020155
315.75 0.433552116477896
316 0.433563303812886
316.25 0.434001318391562
316.5 0.434297409947263
316.75 0.434604781087208
317 0.435502067985338
317.25 0.435693212928534
317.5 0.435732337868927
317.75 0.436039598911871
318 0.43636667235143
318.25 0.436307565391637
318.5 0.436421600686059
318.75 0.436729892139799
319 0.436709230671495
319.25 0.436783592307243
319.5 0.43698883692367
319.75 0.437041885480884
320 0.436923389348632
