270 0.58
270.1 0.580257879984933
270.2 0.580515621002314
270.3 0.580773084084594
270.4 0.581030130264221
270.5 0.581286620573645
270.6 0.581542416045315
270.7 0.581797377711679
270.8 0.582051366605188
270.9 0.582304243758289
271 0.582555870203433
271.1 0.582806106973069
271.2 0.583054815099644
271.3 0.58330185561561
271.4 0.583547089553414
271.5 0.583790377945506
271.6 0.584031581824336
271.7 0.584270562222352
271.8 0.584507180172003
271.9 0.584741296705739
272 0.584972772856008
272.1 0.58520146965526
272.200000000001 0.585427248135945
272.300000000001 0.58564996933051
272.400000000001 0.585869494271405
272.500000000001 0.58608568399108
272.600000000001 0.586298399521984
272.700000000001 0.586507501896565
272.800000000001 0.586712852147273
272.900000000001 0.586914311306557
273.000000000001 0.587111740406866
273.100000000001 0.58730500048065
273.200000000001 0.587493952560356
273.300000000001 0.587678457678436
273.400000000001 0.587858376867337
273.500000000001 0.588033571159508
273.600000000001 0.5882039015874
273.700000000001 0.588369229183461
273.800000000001 0.58852941498014
273.900000000001 0.588684320009887
274.000000000001 0.58883380530515
274.100000000001 0.588977731898378
274.200000000001 0.589115960822022
274.300000000001 0.589248353108529
274.400000000001 0.58937476979035
274.500000000001 0.589495071899933
274.600000000001 0.589609120469727
274.700000000001 0.589716776532181
274.800000000001 0.589817901119746
274.900000000001 0.589912355264869
275.000000000001 0.59
275.100000000001 0.590080735325139
275.200000000001 0.590154617110489
275.300000000001 0.590221740193805
275.400000000001 0.590282199412842
275.500000000001 0.590336089605352
275.600000000001 0.590383505609091
275.700000000001 0.590424542261812
275.800000000001 0.590459294401271
275.900000000001 0.590487856865221
276.000000000001 0.590510324491417
276.100000000001 0.590526792117613
276.200000000001 0.590537354581563
276.300000000001 0.590542106721022
276.400000000001 0.590541143373743
276.500000000001 0.590534559377482
276.600000000002 0.590522449569993
276.700000000002 0.590504908789029
276.800000000002 0.590482031872345
276.900000000002 0.590453913657695
277.000000000002 0.590420648982834
277.100000000002 0.590382332685516
277.200000000002 0.590339059603495
277.300000000002 0.590290924574526
277.400000000002 0.590238022436362
277.500000000002 0.590180448026759
277.600000000002 0.59011829618347
277.700000000002 0.590051661744249
277.800000000002 0.589980639546852
277.900000000002 0.589905324429031
278.000000000002 0.589825811228543
278.100000000002 0.58974219478314
278.200000000002 0.589654569930577
278.300000000002 0.589563031508608
278.400000000002 0.589467674354989
278.500000000002 0.589368593307472
278.600000000002 0.589265883203813
278.700000000002 0.589159638881765
278.800000000002 0.589049955179083
278.900000000002 0.588936926933522
279.000000000002 0.588820648982834
279.100000000002 0.588701216164775
279.200000000002 0.5885787233171
279.300000000002 0.588453265277562
279.400000000002 0.588324936883915
279.500000000002 0.588193832973914
279.600000000002 0.588060048385314
279.700000000002 0.587923677955868
279.800000000002 0.587784816523331
279.900000000002 0.587643558925457
280.000000000002 0.5875
280.100000000002 0.58735327588268
280.200000000002 0.587198687901081
280.300000000002 0.58703057868075
280.400000000002 0.586843290847235
280.500000000002 0.586631167026085
280.600000000002 0.586388549842849
280.700000000002 0.586109781923074
280.800000000002 0.585789205892308
280.900000000002 0.585421164376101
281.000000000003 0.585
281.100000000003 0.584520933412988
281.200000000003 0.583982697357787
281.300000000003 0.58338490260055
281.400000000003 0.582727159907436
281.500000000003 0.582009080044598
281.600000000003 0.581230273778191
281.700000000003 0.580390351874374
281.800000000003 0.579488925099298
281.900000000003 0.578525604219122
282.000000000003 0.5775
282.100000000003 0.576407990465366
282.200000000003 0.575230522667773
282.300000000003 0.573944810917048
282.400000000003 0.572528069523022
282.500000000003 0.570957512795524
282.600000000003 0.569210355044384
282.700000000003 0.567263810579433
282.800000000003 0.565095093710498
282.900000000003 0.562681418747411
283.000000000003 0.56
283.100000000003 0.557024604725545
283.200000000003 0.553715211971123
283.300000000003 0.550028353731258
283.400000000003 0.545920562000479
283.500000000003 0.541348368773307
283.600000000003 0.536268306044271
283.700000000003 0.530636905807898
283.800000000003 0.52441070005871
283.900000000003 0.517546220791237
284.000000000003 0.51
284.100000000003 0.50170109063245
284.200000000003 0.492468629447737
284.300000000003 0.482094274157917
284.400000000003 0.470369682475069
284.500000000003 0.457086512111247
284.600000000003 0.442036420778525
284.700000000003 0.42501106618898
284.800000000003 0.405802106054659
284.900000000003 0.384201198087651
285.000000000003 0.36
285.100000000003 0.333448588082387
285.200000000003 0.306630712939908
285.300000000003 0.282088543756219
285.400000000004 0.262364249715029
285.500000000004 0.25
285.600000000004 0.246837521092859
285.700000000004 0.251916768667429
285.800000000004 0.263577255695574
285.900000000004 0.280158495149139
286.000000000004 0.3
286.100000000004 0.321521327546177
286.200000000004 0.34346221239037
286.300000000004 0.36464243346149
286.400000000004 0.383881769688398
286.500000000004 0.4
286.600000000004 0.412197168722456
286.700000000004 0.421194381771077
286.800000000004 0.428093010458476
286.900000000004 0.433994426097248
287.000000000004 0.44
287.100000000004 0.446969997564016
287.200000000004 0.454800260525315
287.300000000004 0.46314552470461
287.400000000004 0.4716605259226
287.500000000004 0.48
287.600000000004 0.48784284102149
287.700000000004 0.494964576127659
287.800000000004 0.501164890723088
287.900000000004 0.506243470212343
288.000000000004 0.51
288.100000000004 0.512298638350034
288.200000000004 0.513261434964045
288.300000000004 0.513074912403039
288.400000000004 0.511925593228023
288.500000000004 0.51
288.600000000004 0.507482605578377
288.700000000004 0.504549684016161
288.800000000004 0.501375459664754
288.900000000004 0.498134156875566
289.000000000004 0.495
289.100000000004 0.492090939336457
289.200000000004 0.489299828971315
289.300000000004 0.486463248937943
289.400000000004 0.483417779269715
289.500000000004 0.48
289.600000000004 0.476113637075793
289.700000000004 0.471931000098583
289.800000000005 0.467691544583473
289.900000000005 0.463634726045577
290.000000000005 0.46
290.100000000005 0.456894512360366
290.200000000005 0.453896170634357
290.300000000005 0.450450572728163
290.400000000005 0.446003316547981
290.500000000005 0.44
290.600000000005 0.431988313482736
290.700000000005 0.421924317363992
290.800000000005 0.409866164503873
290.900000000005 0.395872007762509
291.000000000005 0.38
291.100000000005 0.362432233708675
291.200000000005 0.343846559909681
291.300000000005 0.325044769256336
291.400000000005 0.306828652402003
291.500000000005 0.29
291.600000000005 0.274722751682542
291.700000000005 0.258609442997297
291.800000000005 0.238634758470769
291.900000000005 0.211773382629506
292.000000000005 0.175
292.100000000005 0.127396759561128
292.200000000005 0.076475668101148
292.300000000005 0.0318561968605716
292.400000000005 0.00315781708001031
292.500000000005 0
292.600000000005 0.0285702100729072
292.700000000005 0.0813278845981286
292.800000000005 0.147300454086933
292.900000000005 0.215515349050461
293.000000000005 0.275
293.100000000005 0.317322400147278
293.200000000005 0.344212793506313
293.300000000005 0.359941986791726
293.400000000005 0.368780786718088
293.500000000005 0.375
293.600000000005 0.382100189338021
293.700000000005 0.390500941376602
293.800000000005 0.399851598746177
293.900000000005 0.409801504077164
294.000000000005 0.42
294.100000000005 0.430116842500653
294.200000000006 0.439903440987273
294.300000000006 0.449131618223573
294.400000000006 0.457573196973245
294.500000000006 0.465
294.600000000006 0.471272440659379
294.700000000006 0.476605294674301
294.800000000006 0.481301928359536
294.900000000006 0.485665708029846
295.000000000006 0.49
295.100000000006 0.494513394861839
295.200000000006 0.49903538031552
295.300000000006 0.503300668338284
295.400000000006 0.507043970907364
295.500000000006 0.51
295.600000000006 0.511993979893269
295.700000000006 0.513213184063615
295.800000000006 0.513935398287328
295.900000000006 0.514438408340694
296.000000000006 0.515
296.100000000006 0.515843008265831
296.200000000006 0.516970465035959
296.300000000006 0.518330451432453
296.400000000006 0.519871048577383
296.500000000006 0.521540337592818
296.600000000006 0.523286399600828
296.700000000006 0.525057315723481
296.800000000006 0.526801167082849
296.900000000006 0.528466034800998
297.000000000006 0.53
297.100000000006 0.531364425941631
297.200000000006 0.5325738044465
297.300000000006 0.533655909474924
297.400000000006 0.534638514987218
297.500000000006 0.5355493949437
297.600000000006 0.536416323304686
297.700000000006 0.537267074030492
297.800000000006 0.538129421081436
297.900000000006 0.539031138417833
298.000000000006 0.54
298.100000000006 0.541057998610486
298.200000000006 0.542204002320767
298.300000000006 0.543431098024556
298.400000000006 0.544732372615558
298.500000000006 0.546100912987487
298.600000000007 0.547529806034051
298.700000000007 0.549012138648958
298.800000000007 0.55054099772592
298.900000000007 0.552109470158645
299.000000000007 0.553710642840844
299.100000000007 0.555337602666227
299.200000000007 0.556983436528501
299.300000000007 0.558641231321379
299.400000000007 0.560304073938568
299.500000000007 0.56196505127378
299.600000000007 0.563617250220723
299.700000000007 0.565253757673106
299.800000000007 0.566867660524641
299.900000000007 0.568452045669035
300.000000000007 0.57
300.100000000007 0.571505945061001
300.200000000007 0.572969640994532
300.300000000007 0.574392182592843
300.400000000007 0.575774664648183
300.500000000007 0.577118181952805
300.600000000007 0.578423829298955
300.700000000007 0.579692701478885
300.800000000007 0.580925893284846
300.900000000007 0.582124499509087
301.000000000007 0.583289614943858
301.100000000007 0.584422334381409
301.200000000007 0.58552375261399
301.300000000007 0.586594964433852
301.400000000007 0.587637064633244
301.500000000007 0.588651148004416
301.600000000007 0.589638309339619
301.700000000007 0.590599643431102
301.800000000007 0.591536245071117
301.900000000007 0.592449209051911
302.000000000007 0.593339630165736
302.100000000007 0.594208603204842
302.200000000007 0.595057222961479
302.300000000007 0.595886584227897
302.400000000007 0.596697781796345
302.500000000007 0.597491910459074
302.600000000007 0.598270065008334
302.700000000007 0.599033340236375
302.800000000007 0.599782830935448
302.900000000007 0.600519631897801
303.000000000008 0.601244837915686
303.100000000008 0.601959543781352
303.200000000008 0.602664844287049
303.300000000008 0.603361834225027
303.400000000008 0.604051608387537
303.500000000008 0.604735261566828
303.600000000008 0.605413888555151
303.700000000008 0.606088584144755
303.800000000008 0.606760443127891
303.900000000008 0.607430560296808
304.000000000008 0.608100030443757
304.100000000008 0.608769948360988
304.200000000008 0.60944140884075
304.300000000008 0.610115506675295
304.400000000008 0.610793336656871
304.500000000008 0.611475993577729
304.600000000008 0.612164572230119
304.700000000008 0.612860167406291
304.800000000008 0.613563873898495
304.900000000008 0.614276786498981
305.000000000008 0.615
305.100000000008 0.615734341279945
305.200000000008 0.616479565561788
305.300000000008 0.617235160154647
305.400000000008 0.618000612367635
305.500000000008 0.618775409509871
305.600000000008 0.61955903889047
305.700000000008 0.620350987818548
305.800000000008 0.621150743603222
305.900000000008 0.621957793553607
306.000000000008 0.622771624978821
306.100000000008 0.623591725187978
306.200000000008 0.624417581490196
306.300000000008 0.62524868119459
306.400000000008 0.626084511610276
306.500000000008 0.626924560046372
306.600000000008 0.627768313811992
306.700000000008 0.628615260216254
306.800000000008 0.629464886568273
306.900000000008 0.630316680177165
307.000000000008 0.631170128352047
307.100000000008 0.632024718402036
307.200000000008 0.632879937636245
307.300000000008 0.633735273363794
307.400000000009 0.634590212893797
307.500000000009 0.63544424353537
307.600000000009 0.636296852597631
307.700000000009 0.637147527389694
307.800000000009 0.637995755220677
307.900000000009 0.638841023399694
308.000000000009 0.639682819235864
308.100000000009 0.640520630038301
308.200000000009 0.641353943116122
308.300000000009 0.642182245778443
308.400000000009 0.64300502533438
308.500000000009 0.64382176909305
308.600000000009 0.644631964363569
308.700000000009 0.645435098455052
308.800000000009 0.646230658676617
308.900000000009 0.647018132337378
309.000000000009 0.647797006746453
309.100000000009 0.648566769212958
309.200000000009 0.649326907046008
309.300000000009 0.650076907554721
309.400000000009 0.650816258048211
309.500000000009 0.651544445835596
309.600000000009 0.652260958225991
309.700000000009 0.652965282528513
309.800000000009 0.653656906052277
309.900000000009 0.654335316106401
310.000000000009 0.655
310.100000000009 0.655650529819219
310.200000000009 0.656286816758314
310.300000000009 0.656908856788571
310.400000000009 0.657516645881275
310.500000000009 0.658110180007711
310.600000000009 0.658689455139165
310.700000000009 0.659254467246921
310.800000000009 0.659805212302266
310.900000000009 0.660341686276483
311.000000000009 0.660863885140859
311.100000000009 0.661371804866679
311.200000000009 0.661865441425227
311.300000000009 0.662344790787789
311.400000000009 0.66280984892565
311.500000000009 0.663260611810096
311.600000000009 0.663697075412412
311.700000000009 0.664119235703882
311.80000000001 0.664527088655792
311.90000000001 0.664920630239428
312.00000000001 0.665299856426074
312.10000000001 0.665664763187016
312.20000000001 0.666015346493539
312.30000000001 0.666351602316928
312.40000000001 0.666673526628468
312.50000000001 0.666981115399444
312.60000000001 0.667274364601143
312.70000000001 0.667553270204849
312.80000000001 0.667817828181846
312.90000000001 0.668068034503421
313.00000000001 0.668303885140859
313.10000000001 0.668525376065445
313.20000000001 0.668732503248464
313.30000000001 0.668925262661201
313.40000000001 0.669103650274941
313.50000000001 0.66926766206097
313.60000000001 0.669417293990574
313.70000000001 0.669552542035036
313.80000000001 0.669673402165643
313.90000000001 0.669779870353679
314.00000000001 0.66987194257043
314.10000000001 0.669949614787181
314.20000000001 0.670012882975217
314.30000000001 0.670061743105824
314.40000000001 0.670096191150286
314.50000000001 0.670116223079889
314.60000000001 0.670121834865918
314.70000000001 0.670113022479659
314.80000000001 0.670089781892396
314.90000000001 0.670052109075414
315.00000000001 0.67
315.10000000001 0.669933499443181
315.20000000001 0.669852847404957
315.30000000001 0.669758332691071
315.40000000001 0.669650244107266
315.50000000001 0.669528870459285
315.60000000001 0.66939450055287
315.70000000001 0.669247423193766
315.80000000001 0.669087927187715
315.90000000001 0.668916301340459
316.00000000001 0.668732834457742
316.10000000001 0.668537815345307
316.200000000011 0.668331532808897
316.300000000011 0.668114275654254
316.400000000011 0.667886332687122
316.500000000011 0.667647992713243
316.600000000011 0.667399544538361
316.700000000011 0.667141276968218
316.800000000011 0.666873478808558
316.900000000011 0.666596438865123
317.000000000011 0.666310445943656
317.100000000011 0.666015788849901
317.200000000011 0.6657127563896
317.300000000011 0.665401637368496
317.400000000011 0.665082720592333
317.500000000011 0.664756294866852
317.600000000011 0.664422648997797
317.700000000011 0.664082071790912
317.800000000011 0.663734852051938
317.900000000011 0.66338127858662
318.000000000011 0.663021640200699
318.100000000011 0.66265622569992
318.200000000011 0.662285323890024
318.300000000011 0.661909223576754
318.400000000011 0.661528213565855
318.500000000011 0.661142582663068
318.600000000011 0.660752619674137
318.700000000011 0.660358613404805
318.800000000011 0.659960852660814
318.900000000011 0.659559626247907
319.000000000011 0.659155222971828
319.100000000011 0.65874793163832
319.200000000011 0.658338041053125
319.300000000011 0.657925840021986
319.400000000011 0.657511617350646
319.500000000011 0.657095661844849
319.600000000011 0.656678262310337
319.700000000011 0.656259707552853
319.800000000011 0.65584028637814
319.900000000011 0.655420287591942
320.000000000011 0.655
