# CLS Data Acquisition
# COMMENT
# 0.916667
# END COMMENT
#(1) Event-ID BL1611-ID-1:Energy PCT1402-01:mA:fbk A1611-4-13:A:fbk A1611-4-14:A:fbk A1611-4-15:A:fbk A1611-4-16:A:fbk SMTR16114I1002:enc:fbk BL1611-ID-1:Energy:fbk SMTR16114I1003:enc:fbk TCGC1611-423:pressure:fbk
#(1) Event-ID BL1611-ID-1:Energy "PCT for SR1" "read feedback value" "read feedback value" "read feedback value" "read feedback value" "setpoint encoder counts" BL1611-ID-1:Energy:fbk "setpoint encoder counts" TCGC1611-423:pressure:fbk
#(2) Event-ID Absolute-Time-Stamp PSL16114I1001:Y:mm:fbk SMTR16114I1001:enc:fbk A1611I1:cont_interval SG16114I1001:choice PSL16114I1004:Y:mm:fbk
#(2) Event-ID Absolute-Time-Stamp PSL16114I1001:Y:mm:fbk "setpoint encoder counts" "Total Integration Time" SG16114I1001:choice PSL16114I1004:Y:mm:fbk
#(3) Event-ID
#(3) Event-ID
# 2, 1269078719.238844, 2.494e+02, 6.072e+03, 1.000, High Energy, 4.990e+01
1, 1.520000e+03, 2.061606e+02, 9.046985e-11, 3.670451e-10, 4.977210e-10, -4.600871e-10, -206851, 1.520026e+03, 3.109030e+05, 0.000000e+00
1, 1.520100e+03, 2.061514e+02, 9.013235e-11, 3.663168e-10, 4.968221e-10, -4.594973e-10, -206842, 1.520092e+03, 3.109050e+05, 0.000000e+00
1, 1.520200e+03, 2.061481e+02, 9.021406e-11, 3.659686e-10, 4.958736e-10, -4.586838e-10, -206829, 1.520188e+03, 3.109050e+05, 0.000000e+00
1, 1.520300e+03, 2.061413e+02, 8.981971e-11, 3.653220e-10, 4.950884e-10, -4.598775e-10, -206815, 1.520290e+03, 3.109020e+05, 0.000000e+00
1, 1.520400e+03, 2.061353e+02, 9.012879e-11, 3.656027e-10, 4.954153e-10, -4.599947e-10, -206801, 1.520393e+03, 3.109030e+05, 0.000000e+00
1, 1.520500e+03, 2.061326e+02, 8.992629e-11, 3.650804e-10, 4.945839e-10, -4.586695e-10, -206788, 1.520489e+03, 3.109050e+05, 0.000000e+00
1, 1.520600e+03, 2.061271e+02, 8.990497e-11, 3.651763e-10, 4.946017e-10, -4.604530e-10, -206774, 1.520592e+03, 3.109040e+05, 0.000000e+00
1, 1.520700e+03, 2.061236e+02, 8.999024e-11, 3.648921e-10, 4.940972e-10, -4.577885e-10, -206759, 1.520702e+03, 3.109050e+05, 0.000000e+00
1, 1.520800e+03, 2.061186e+02, 8.987655e-11, 3.647074e-10, 4.938165e-10, -4.589040e-10, -206747, 1.520790e+03, 3.109080e+05, 0.000000e+00
1, 1.520900e+03, 2.061140e+02, 8.990497e-11, 3.649809e-10, 4.941398e-10, -4.604104e-10, -206732, 1.520901e+03, 3.109080e+05, 0.000000e+00
1, 1.521000e+03, 2.061093e+02, 8.992984e-11, 3.650555e-10, 4.941718e-10, -4.613199e-10, -206717, 1.521011e+03, 3.109070e+05, 0.000000e+00
1, 1.521100e+03, 2.061055e+02, 8.993339e-11, 3.647074e-10, 4.935607e-10, -4.600125e-10, -206705, 1.521099e+03, 3.109070e+05, 0.000000e+00
1, 1.521200e+03, 2.060991e+02, 8.979484e-11, 3.646932e-10, 4.934471e-10, -4.609078e-10, -206692, 1.521195e+03, 3.109090e+05, 0.000000e+00
1, 1.521300e+03, 2.060921e+02, 8.981615e-11, 3.644729e-10, 4.931877e-10, -4.599130e-10, -206679, 1.521291e+03, 3.109080e+05, 0.000000e+00
1, 1.521400e+03, 2.060883e+02, 8.995826e-11, 3.648779e-10, 4.935501e-10, -4.612701e-10, -206663, 1.521409e+03, 3.109130e+05, 0.000000e+00
1, 1.521500e+03, 2.060818e+02, 8.986945e-11, 3.644018e-10, 4.929532e-10, -4.594689e-10, -206649, 1.521512e+03, 3.109120e+05, 0.000000e+00
1, 1.521600e+03, 2.060792e+02, 8.990497e-11, 3.651728e-10, 4.940439e-10, -4.615508e-10, -206639, 1.521585e+03, 3.109110e+05, 0.000000e+00
1, 1.521700e+03, 2.060717e+02, 8.978418e-11, 3.647855e-10, 4.937064e-10, -4.622258e-10, -206625, 1.521688e+03, 3.109110e+05, 0.000000e+00
1, 1.521800e+03, 2.060689e+02, 8.979839e-11, 3.659331e-10, 4.952128e-10, -4.641869e-10, -206609, 1.521806e+03, 3.109150e+05, 0.000000e+00
1, 1.521900e+03, 2.060636e+02, 8.970247e-11, 3.645688e-10, 4.933263e-10, -4.619203e-10, -206598, 1.521887e+03, 3.109140e+05, 0.000000e+00
1, 1.522000e+03, 2.060593e+02, 8.978773e-11, 3.650449e-10, 4.939764e-10, -4.615970e-10, -206582, 1.522005e+03, 3.109140e+05, 0.000000e+00
1, 1.522100e+03, 2.060528e+02, 8.979484e-11, 3.644054e-10, 4.929319e-10, -4.613270e-10, -206571, 1.522086e+03, 3.109210e+05, 0.000000e+00
1, 1.522200e+03, 2.060499e+02, 8.984102e-11, 3.652048e-10, 4.942002e-10, -4.635226e-10, -206557, 1.522189e+03, 3.109230e+05, 0.000000e+00
1, 1.522300e+03, 2.060438e+02, 8.986234e-11, 3.644551e-10, 4.929852e-10, -4.643752e-10, -206543, 1.522293e+03, 3.109220e+05, 0.000000e+00
1, 1.522400e+03, 2.060381e+02, 8.979129e-11, 3.648779e-10, 4.937419e-10, -4.639773e-10, -206530, 1.522388e+03, 3.109230e+05, 0.000000e+00
1, 1.522500e+03, 2.060346e+02, 8.973444e-11, 3.644196e-10, 4.929035e-10, -4.636895e-10, -206514, 1.522506e+03, 3.109240e+05, 0.000000e+00
1, 1.522600e+03, 2.060280e+02, 8.976286e-11, 3.639045e-10, 4.920402e-10, -4.626770e-10, -206500, 1.522610e+03, 3.109280e+05, 0.000000e+00
1, 1.522700e+03, 2.060252e+02, 8.980194e-11, 3.644303e-10, 4.927472e-10, -4.638174e-10, -206487, 1.522705e+03, 3.109290e+05, 0.000000e+00
1, 1.522800e+03, 2.060189e+02, 8.981615e-11, 3.638867e-10, 4.918377e-10, -4.636007e-10, -206475, 1.522794e+03, 3.109290e+05, 0.000000e+00
1, 1.522900e+03, 2.060164e+02, 8.986589e-11, 3.622915e-10, 4.896457e-10, -4.616467e-10, -206460, 1.522904e+03, 3.109290e+05, 0.000000e+00
1, 1.523000e+03, 2.060098e+02, 8.999379e-11, 3.611191e-10, 4.882388e-10, -4.607763e-10, -206449, 1.522986e+03, 3.109310e+05, 0.000000e+00
1, 1.523100e+03, 2.060061e+02, 8.986589e-11, 3.621352e-10, 4.894929e-10, -4.611174e-10, -206435, 1.523089e+03, 3.109310e+05, 0.000000e+00
1, 1.523200e+03, 2.059997e+02, 8.979839e-11, 3.625367e-10, 4.900400e-10, -4.637180e-10, -206418, 1.523214e+03, 3.109300e+05, 0.000000e+00
1, 1.523300e+03, 2.059924e+02, 8.981971e-11, 3.628386e-10, 4.905054e-10, -4.637108e-10, -206406, 1.523303e+03, 3.109350e+05, 0.000000e+00
1, 1.523400e+03, 2.059893e+02, 8.967049e-11, 3.636664e-10, 4.915961e-10, -4.637180e-10, -206393, 1.523399e+03, 3.109370e+05, 0.000000e+00
1, 1.523500e+03, 2.059828e+02, 8.945733e-11, 3.633147e-10, 4.910277e-10, -4.644534e-10, -206380, 1.523495e+03, 3.109370e+05, 0.000000e+00
1, 1.523600e+03, 2.059785e+02, 8.957457e-11, 3.638974e-10, 4.919372e-10, -4.658638e-10, -206365, 1.523606e+03, 3.109390e+05, 0.000000e+00
1, 1.523700e+03, 2.059726e+02, 8.931877e-11, 3.637552e-10, 4.915535e-10, -4.651604e-10, -206353, 1.523694e+03, 3.109390e+05, 0.000000e+00
1, 1.523800e+03, 2.059687e+02, 8.967049e-11, 3.641603e-10, 4.921645e-10, -4.664322e-10, -206337, 1.523812e+03, 3.109420e+05, 0.000000e+00
1, 1.523900e+03, 2.059633e+02, 8.986589e-11, 3.627960e-10, 4.902212e-10, -4.650857e-10, -206324, 1.523908e+03, 3.109440e+05, 0.000000e+00
1, 1.524000e+03, 2.059599e+02, 8.965628e-11, 3.621636e-10, 4.892051e-10, -4.657750e-10, -206313, 1.523990e+03, 3.109440e+05, 0.000000e+00
1, 1.524100e+03, 2.059526e+02, 8.981615e-11, 3.632223e-10, 4.907470e-10, -4.670717e-10, -206300, 1.524086e+03, 3.109440e+05, 0.000000e+00
1, 1.524200e+03, 2.059496e+02, 8.968826e-11, 3.633431e-10, 4.907079e-10, -4.671747e-10, -206287, 1.524182e+03, 3.109440e+05, 0.000000e+00
1, 1.524300e+03, 2.059441e+02, 8.961720e-11, 3.642384e-10, 4.920544e-10, -4.683720e-10, -206271, 1.524300e+03, 3.109440e+05, 0.000000e+00
1, 1.524400e+03, 2.059377e+02, 8.946444e-11, 3.633112e-10, 4.906795e-10, -4.651177e-10, -206257, 1.524403e+03, 3.109480e+05, 0.000000e+00
1, 1.524500e+03, 2.059348e+02, 8.961365e-11, 3.631762e-10, 4.905125e-10, -4.666454e-10, -206245, 1.524492e+03, 3.109490e+05, 0.000000e+00
1, 1.524600e+03, 2.059275e+02, 8.931522e-11, 3.641247e-10, 4.917986e-10, -4.719105e-10, -206233, 1.524581e+03, 3.109480e+05, 0.000000e+00
1, 1.524700e+03, 2.059236e+02, 8.934720e-11, 3.645226e-10, 4.923386e-10, -4.690186e-10, -206216, 1.524706e+03, 3.109530e+05, 0.000000e+00
1, 1.524800e+03, 2.059160e+02, 8.936496e-11, 3.637481e-10, 4.914007e-10, -4.689475e-10, -206204, 1.524795e+03, 3.109540e+05, 0.000000e+00
1, 1.524900e+03, 2.059130e+02, 8.953904e-11, 3.632437e-10, 4.905303e-10, -4.681624e-10, -206188, 1.524913e+03, 3.109570e+05, 0.000000e+00
1, 1.525000e+03, 2.059084e+02, 8.950352e-11, 3.629133e-10, 4.900969e-10, -4.707452e-10, -206173, 1.525024e+03, 3.109590e+05, 0.000000e+00
1, 1.525100e+03, 2.059018e+02, 8.956746e-11, 3.633112e-10, 4.908856e-10, -4.698357e-10, -206161, 1.525113e+03, 3.109590e+05, 0.000000e+00
1, 1.525200e+03, 2.058980e+02, 8.950352e-11, 3.631904e-10, 4.905480e-10, -4.694911e-10, -206150, 1.525195e+03, 3.109590e+05, 0.000000e+00
1, 1.525300e+03, 2.058911e+02, 8.942536e-11, 3.621317e-10, 4.887077e-10, -4.685745e-10, -206136, 1.525298e+03, 3.109580e+05, 0.000000e+00
1, 1.525400e+03, 2.058877e+02, 8.938628e-11, 3.619256e-10, 4.885976e-10, -4.681446e-10, -206124, 1.525387e+03, 3.109620e+05, 0.000000e+00
1, 1.525500e+03, 2.058829e+02, 8.948930e-11, 3.616023e-10, 4.881642e-10, -4.672067e-10, -206111, 1.525483e+03, 3.109650e+05, 0.000000e+00
1, 1.525600e+03, 2.058799e+02, 8.957102e-11, 3.623697e-10, 4.891731e-10, -4.686882e-10, -206096, 1.525594e+03, 3.109630e+05, 0.000000e+00
1, 1.525700e+03, 2.058734e+02, 8.951773e-11, 3.624798e-10, 4.892833e-10, -4.718217e-10, -206082, 1.525698e+03, 3.109620e+05, 0.000000e+00
1, 1.525800e+03, 2.058699e+02, 8.963497e-11, 3.621388e-10, 4.887823e-10, -4.701270e-10, -206068, 1.525801e+03, 3.109630e+05, 0.000000e+00
1, 1.525900e+03, 2.058636e+02, 8.970957e-11, 3.622667e-10, 4.891483e-10, -4.697895e-10, -206055, 1.525898e+03, 3.109620e+05, 0.000000e+00
1, 1.526000e+03, 2.058607e+02, 8.960654e-11, 3.617835e-10, 4.882388e-10, -4.701697e-10, -206043, 1.525987e+03, 3.109630e+05, 0.000000e+00
1, 1.526100e+03, 2.058542e+02, 8.962786e-11, 3.627392e-10, 4.894254e-10, -4.736904e-10, -206027, 1.526105e+03, 3.109620e+05, 0.000000e+00
1, 1.526200e+03, 2.058479e+02, 8.964207e-11, 3.626361e-10, 4.894360e-10, -4.729301e-10, -206013, 1.526209e+03, 3.109670e+05, 0.000000e+00
1, 1.526300e+03, 2.058446e+02, 8.960299e-11, 3.617480e-10, 4.883312e-10, -4.723972e-10, -206000, 1.526305e+03, 3.109700e+05, 0.000000e+00
1, 1.526400e+03, 2.058376e+02, 8.952483e-11, 3.626752e-10, 4.896279e-10, -4.732037e-10, -205989, 1.526387e+03, 3.109700e+05, 0.000000e+00
1, 1.526500e+03, 2.058352e+02, 8.951417e-11, 3.615632e-10, 4.878089e-10, -4.703580e-10, -205975, 1.526490e+03, 3.109710e+05, 0.000000e+00
1, 1.526600e+03, 2.058284e+02, 8.947865e-11, 3.623306e-10, 4.889813e-10, -4.744258e-10, -205959, 1.526609e+03, 3.109700e+05, 0.000000e+00
1, 1.526700e+03, 2.058259e+02, 8.962431e-11, 3.620748e-10, 4.885372e-10, -4.735448e-10, -205947, 1.526698e+03, 3.109710e+05, 0.000000e+00
1, 1.526800e+03, 2.058188e+02, 8.933299e-11, 3.612683e-10, 4.872298e-10, -4.720242e-10, -205932, 1.526809e+03, 3.109730e+05, 0.000000e+00
1, 1.526900e+03, 2.058162e+02, 8.930812e-11, 3.609237e-10, 4.866791e-10, -4.731966e-10, -205920, 1.526898e+03, 3.109730e+05, 0.000000e+00
1, 1.527000e+03, 2.058104e+02, 8.940404e-11, 3.603056e-10, 4.855139e-10, -4.706955e-10, -205907, 1.526995e+03, 3.109750e+05, 0.000000e+00
1, 1.527100e+03, 2.058071e+02, 8.936851e-11, 3.592291e-10, 4.849241e-10, -4.709122e-10, -205894, 1.527091e+03, 3.109760e+05, 0.000000e+00
1, 1.527200e+03, 2.057989e+02, 8.920509e-11, 3.591936e-10, 4.859899e-10, -4.708163e-10, -205881, 1.527187e+03, 3.109780e+05, 0.000000e+00
1, 1.527300e+03, 2.057934e+02, 8.904522e-11, 3.572573e-10, 4.838761e-10, -4.727880e-10, -205865, 1.527306e+03, 3.109810e+05, 0.000000e+00
1, 1.527400e+03, 2.057918e+02, 8.910561e-11, 3.567102e-10, 4.836664e-10, -4.720242e-10, -205851, 1.527410e+03, 3.109800e+05, 0.000000e+00
1, 1.527500e+03, 2.057847e+02, 8.909851e-11, 3.565042e-10, 4.834497e-10, -4.716441e-10, -205838, 1.527506e+03, 3.109800e+05, 0.000000e+00
1, 1.527600e+03, 2.057810e+02, 8.923706e-11, 3.577156e-10, 4.853185e-10, -4.722693e-10, -205826, 1.527595e+03, 3.109800e+05, 0.000000e+00
1, 1.527700e+03, 2.057761e+02, 8.919443e-11, 3.577441e-10, 4.852403e-10, -4.722551e-10, -205813, 1.527692e+03, 3.109810e+05, 0.000000e+00
1, 1.527800e+03, 2.057725e+02, 8.927614e-11, 3.583871e-10, 4.861178e-10, -4.737117e-10, -205801, 1.527781e+03, 3.109780e+05, 0.000000e+00
1, 1.527900e+03, 2.057670e+02, 8.907008e-11, 3.568523e-10, 4.840288e-10, -4.706600e-10, -205786, 1.527892e+03, 3.109810e+05, 0.000000e+00
1, 1.528000e+03, 2.057641e+02, 8.911272e-11, 3.561098e-10, 4.828742e-10, -4.727561e-10, -205771, 1.528004e+03, 3.109810e+05, 0.000000e+00
1, 1.528100e+03, 2.057583e+02, 8.907364e-11, 3.566782e-10, 4.835634e-10, -4.729408e-10, -205758, 1.528093e+03, 3.109810e+05, 0.000000e+00
1, 1.528200e+03, 2.057527e+02, 8.909140e-11, 3.565468e-10, 4.835918e-10, -4.724470e-10, -205745, 1.528197e+03, 3.109810e+05, 0.000000e+00
1, 1.528300e+03, 2.057497e+02, 8.886403e-11, 3.559819e-10, 4.823519e-10, -4.725358e-10, -205733, 1.528286e+03, 3.109840e+05, 0.000000e+00
1, 1.528400e+03, 2.057429e+02, 8.895995e-11, 3.559997e-10, 4.823306e-10, -4.717400e-10, -205719, 1.528390e+03, 3.109850e+05, 0.000000e+00
1, 1.528500e+03, 2.057407e+02, 8.878942e-11, 3.552429e-10, 4.810978e-10, -4.719141e-10, -205704, 1.528501e+03, 3.109860e+05, 0.000000e+00
1, 1.528600e+03, 2.057348e+02, 8.893863e-11, 3.553247e-10, 4.813998e-10, -4.726175e-10, -205687, 1.528628e+03, 3.109870e+05, 0.000000e+00
1, 1.528700e+03, 2.057310e+02, 8.890666e-11, 3.564402e-10, 4.830802e-10, -4.741736e-10, -205676, 1.528710e+03, 3.109870e+05, 0.000000e+00
1, 1.528800e+03, 2.057250e+02, 8.915890e-11, 3.565823e-10, 4.836025e-10, -4.751506e-10, -205664, 1.528799e+03, 3.109860e+05, 0.000000e+00
1, 1.528900e+03, 2.057201e+02, 8.916601e-11, 3.563621e-10, 4.832046e-10, -4.769269e-10, -205651, 1.528895e+03, 3.109860e+05, 0.000000e+00
1, 1.529000e+03, 2.057171e+02, 8.904522e-11, 3.552252e-10, 4.816343e-10, -4.740421e-10, -205638, 1.528992e+03, 3.109890e+05, 0.000000e+00
1, 1.529100e+03, 2.057105e+02, 8.917667e-11, 3.561773e-10, 4.828848e-10, -4.772645e-10, -205622, 1.529111e+03, 3.109930e+05, 0.000000e+00
1, 1.529200e+03, 2.057076e+02, 8.901679e-11, 3.553460e-10, 4.818901e-10, -4.751328e-10, -205610, 1.529200e+03, 3.109940e+05, 0.000000e+00
1, 1.529300e+03, 2.057018e+02, 8.921219e-11, 3.545075e-10, 4.807852e-10, -4.743370e-10, -205598, 1.529289e+03, 3.109960e+05, 0.000000e+00
1, 1.529400e+03, 2.056985e+02, 8.918022e-11, 3.549658e-10, 4.814034e-10, -4.768630e-10, -205586, 1.529379e+03, 3.109970e+05, 0.000000e+00
1, 1.529500e+03, 2.056922e+02, 8.915535e-11, 3.564544e-10, 4.832721e-10, -4.780603e-10, -205570, 1.529498e+03, 3.109970e+05, 0.000000e+00
1, 1.529600e+03, 2.056895e+02, 8.899548e-11, 3.559357e-10, 4.826823e-10, -4.782450e-10, -205558, 1.529587e+03, 3.109970e+05, 0.000000e+00
1, 1.529700e+03, 2.056832e+02, 8.904522e-11, 3.555449e-10, 4.820429e-10, -4.763727e-10, -205542, 1.529706e+03, 3.109970e+05, 0.000000e+00
1, 1.529800e+03, 2.056801e+02, 8.880363e-11, 3.545537e-10, 4.803802e-10, -4.768026e-10, -205529, 1.529803e+03, 3.109940e+05, 0.000000e+00
1, 1.529900e+03, 2.056741e+02, 8.883205e-11, 3.534595e-10, 4.791190e-10, -4.763692e-10, -205514, 1.529915e+03, 3.109920e+05, 0.000000e+00
1, 1.530000e+03, 2.056686e+02, 8.882850e-11, 3.538503e-10, 4.797513e-10, -4.768985e-10, -205502, 1.530004e+03, 3.109950e+05, 0.000000e+00
1, 1.530100e+03, 2.056664e+02, 8.879297e-11, 3.555236e-10, 4.821494e-10, -4.799183e-10, -205490, 1.530093e+03, 3.109950e+05, 0.000000e+00
1, 1.530200e+03, 2.056602e+02, 8.881074e-11, 3.552536e-10, 4.817018e-10, -4.803198e-10, -205475, 1.530205e+03, 3.109960e+05, 0.000000e+00
1, 1.530300e+03, 2.056587e+02, 8.882850e-11, 3.550227e-10, 4.815455e-10, -4.801919e-10, -205460, 1.530317e+03, 3.109990e+05, 0.000000e+00
1, 1.530400e+03, 2.056518e+02, 8.881429e-11, 3.550085e-10, 4.813110e-10, -4.807568e-10, -205448, 1.530406e+03, 3.109980e+05, 0.000000e+00
1, 1.530500e+03, 2.056481e+02, 8.917667e-11, 3.529301e-10, 4.790088e-10, -4.780070e-10, -205435, 1.530503e+03, 3.109990e+05, 0.000000e+00
1, 1.530600e+03, 2.056427e+02, 8.900614e-11, 3.546496e-10, 4.811156e-10, -4.818439e-10, -205421, 1.530607e+03, 3.109990e+05, 0.000000e+00
1, 1.530700e+03, 2.056403e+02, 8.895640e-11, 3.541913e-10, 4.805685e-10, -4.793250e-10, -205409, 1.530697e+03, 3.109980e+05, 0.000000e+00
1, 1.530800e+03, 2.056338e+02, 8.900614e-11, 3.547278e-10, 4.813074e-10, -4.816165e-10, -205396, 1.530794e+03, 3.109980e+05, 0.000000e+00
1, 1.530900e+03, 2.056277e+02, 8.895640e-11, 3.560316e-10, 4.829346e-10, -4.836131e-10, -205382, 1.530898e+03, 3.109990e+05, 0.000000e+00
1, 1.531000e+03, 2.056231e+02, 8.891021e-11, 3.546994e-10, 4.812541e-10, -4.824017e-10, -205366, 1.531017e+03, 3.110010e+05, 0.000000e+00
1, 1.531100e+03, 2.056167e+02, 8.894219e-11, 3.542446e-10, 4.807497e-10, -4.820144e-10, -205353, 1.531114e+03, 3.110040e+05, 0.000000e+00
1, 1.531200e+03, 2.056146e+02, 8.888890e-11, 3.541984e-10, 4.807674e-10, -4.836629e-10, -205343, 1.531189e+03, 3.110040e+05, 0.000000e+00
1, 1.531300e+03, 2.056089e+02, 8.855494e-11, 3.544010e-10, 4.809415e-10, -4.852012e-10, -205330, 1.531286e+03, 3.110070e+05, 0.000000e+00
1, 1.531400e+03, 2.056060e+02, 8.855494e-11, 3.555876e-10, 4.825012e-10, -4.864695e-10, -205316, 1.531390e+03, 3.110110e+05, 0.000000e+00
1, 1.531500e+03, 2.056002e+02, 8.864731e-11, 3.552145e-10, 4.821423e-10, -4.863310e-10, -205300, 1.531509e+03, 3.110130e+05, 0.000000e+00
1, 1.531600e+03, 2.055981e+02, 8.848033e-11, 3.542304e-10, 4.806573e-10, -4.849952e-10, -205288, 1.531599e+03, 3.110140e+05, 0.000000e+00
1, 1.531700e+03, 2.055909e+02, 8.875745e-11, 3.550831e-10, 4.818901e-10, -4.889174e-10, -205275, 1.531696e+03, 3.110140e+05, 0.000000e+00
1, 1.531800e+03, 2.055848e+02, 8.884271e-11, 3.542446e-10, 4.805756e-10, -4.876917e-10, -205263, 1.531785e+03, 3.110150e+05, 0.000000e+00
1, 1.531900e+03, 2.055824e+02, 8.884626e-11, 3.532215e-10, 4.793534e-10, -4.844445e-10, -205248, 1.531897e+03, 3.110150e+05, 0.000000e+00
1, 1.532000e+03, 2.055759e+02, 8.888890e-11, 3.543583e-10, 4.810161e-10, -4.894680e-10, -205236, 1.531987e+03, 3.110150e+05, 0.000000e+00
1, 1.532100e+03, 2.055736e+02, 8.877521e-11, 3.538076e-10, 4.801208e-10, -4.868070e-10, -205221, 1.532099e+03, 3.110150e+05, 0.000000e+00
1, 1.532200e+03, 2.055677e+02, 8.897416e-11, 3.540102e-10, 4.807212e-10, -4.877982e-10, -205205, 1.532218e+03, 3.110150e+05, 0.000000e+00
1, 1.532300e+03, 2.055647e+02, 8.868284e-11, 3.521308e-10, 4.777867e-10, -4.874643e-10, -205193, 1.532308e+03, 3.110140e+05, 0.000000e+00
1, 1.532400e+03, 2.055593e+02, 8.859402e-11, 3.527703e-10, 4.786678e-10, -4.860574e-10, -205180, 1.532405e+03, 3.110160e+05, 0.000000e+00
1, 1.532500e+03, 2.055532e+02, 8.877521e-11, 3.533529e-10, 4.796838e-10, -4.901288e-10, -205167, 1.532502e+03, 3.110170e+05, 0.000000e+00
1, 1.532600e+03, 2.055495e+02, 8.865797e-11, 3.520633e-10, 4.778791e-10, -4.879972e-10, -205155, 1.532592e+03, 3.110180e+05, 0.000000e+00
1, 1.532700e+03, 2.055438e+02, 8.879653e-11, 3.534097e-10, 4.797478e-10, -4.917453e-10, -205143, 1.532681e+03, 3.110180e+05, 0.000000e+00
1, 1.532800e+03, 2.055399e+02, 8.872192e-11, 3.539355e-10, 4.806502e-10, -4.912870e-10, -205128, 1.532793e+03, 3.110200e+05, 0.000000e+00
1, 1.532900e+03, 2.055335e+02, 8.862955e-11, 3.535625e-10, 4.802736e-10, -4.939373e-10, -205112, 1.532913e+03, 3.110200e+05, 0.000000e+00
1, 1.533000e+03, 2.055300e+02, 8.871837e-11, 3.538645e-10, 4.809060e-10, -4.931131e-10, -205100, 1.533003e+03, 3.110230e+05, 0.000000e+00
1, 1.533100e+03, 2.055253e+02, 8.852652e-11, 3.528982e-10, 4.795204e-10, -4.927188e-10, -205088, 1.533092e+03, 3.110220e+05, 0.000000e+00
1, 1.533200e+03, 2.055221e+02, 8.867929e-11, 3.526885e-10, 4.793712e-10, -4.933334e-10, -205076, 1.533182e+03, 3.110220e+05, 0.000000e+00
1, 1.533300e+03, 2.055156e+02, 8.859047e-11, 3.525678e-10, 4.790728e-10, -4.938627e-10, -205062, 1.533287e+03, 3.110270e+05, 0.000000e+00
1, 1.533400e+03, 2.055120e+02, 8.879653e-11, 3.532357e-10, 4.804761e-10, -4.966161e-10, -205044, 1.533421e+03, 3.110270e+05, 0.000000e+00
1, 1.533500e+03, 2.055071e+02, 8.890666e-11, 3.536478e-10, 4.811689e-10, -4.975647e-10, -205033, 1.533504e+03, 3.110270e+05, 0.000000e+00
1, 1.533600e+03, 2.055005e+02, 8.877166e-11, 3.542517e-10, 4.818617e-10, -4.988649e-10, -205021, 1.533593e+03, 3.110260e+05, 0.000000e+00
1, 1.533700e+03, 2.054963e+02, 8.894929e-11, 3.542517e-10, 4.820215e-10, -4.975327e-10, -205008, 1.533691e+03, 3.110280e+05, 0.000000e+00
1, 1.533800e+03, 2.054906e+02, 8.889955e-11, 3.535696e-10, 4.812790e-10, -5.005205e-10, -204995, 1.533788e+03, 3.110280e+05, 0.000000e+00
1, 1.533900e+03, 2.054880e+02, 8.893508e-11, 3.540848e-10, 4.820038e-10, -5.013163e-10, -204979, 1.533908e+03, 3.110280e+05, 0.000000e+00
1, 1.534000e+03, 2.054816e+02, 8.888534e-11, 3.536513e-10, 4.815064e-10, -4.997531e-10, -204967, 1.533997e+03, 3.110290e+05, 0.000000e+00
1, 1.534100e+03, 2.054790e+02, 8.883916e-11, 3.541842e-10, 4.825722e-10, -5.041869e-10, -204954, 1.534095e+03, 3.110300e+05, 0.000000e+00
1, 1.534200e+03, 2.054723e+02, 8.870771e-11, 3.531611e-10, 4.809380e-10, -5.032916e-10, -204938, 1.534215e+03, 3.110300e+05, 0.000000e+00
1, 1.534300e+03, 2.054701e+02, 8.897416e-11, 3.537082e-10, 4.820784e-10, -5.032170e-10, -204927, 1.534297e+03, 3.110310e+05, 0.000000e+00
1, 1.534400e+03, 2.054644e+02, 8.889955e-11, 3.534915e-10, 4.818190e-10, -5.051319e-10, -204913, 1.534402e+03, 3.110300e+05, 0.000000e+00
1, 1.534500e+03, 2.054607e+02, 8.884626e-11, 3.541274e-10, 4.829808e-10, -5.076934e-10, -204900, 1.534499e+03, 3.110330e+05, 0.000000e+00
1, 1.534600e+03, 2.054551e+02, 8.889245e-11, 3.536123e-10, 4.822951e-10, -5.066561e-10, -204884, 1.534619e+03, 3.110330e+05, 0.000000e+00
1, 1.534700e+03, 2.054500e+02, 8.894574e-11, 3.532961e-10, 4.820606e-10, -5.093312e-10, -204872, 1.534709e+03, 3.110330e+05, 0.000000e+00
1, 1.534800e+03, 2.054466e+02, 8.875034e-11, 3.523191e-10, 4.807319e-10, -5.082974e-10, -204859, 1.534806e+03, 3.110320e+05, 0.000000e+00
1, 1.534900e+03, 2.054410e+02, 8.880363e-11, 3.535234e-10, 4.825402e-10, -5.091607e-10, -204848, 1.534889e+03, 3.110340e+05, 0.000000e+00
1, 1.535000e+03, 2.054377e+02, 8.879297e-11, 3.536016e-10, 4.829381e-10, -5.103367e-10, -204835, 1.534986e+03, 3.110320e+05, 0.000000e+00
1, 1.535100e+03, 2.054335e+02, 8.878942e-11, 3.526175e-10, 4.817586e-10, -5.090577e-10, -204819, 1.535106e+03, 3.110360e+05, 0.000000e+00
1, 1.535200e+03, 2.054301e+02, 8.884982e-11, 3.534986e-10, 4.830021e-10, -5.115055e-10, -204808, 1.535188e+03, 3.110360e+05, 0.000000e+00
1, 1.535300e+03, 2.054236e+02, 8.886047e-11, 3.523724e-10, 4.819043e-10, -5.114664e-10, -204794, 1.535293e+03, 3.110370e+05, 0.000000e+00
1, 1.535400e+03, 2.054199e+02, 8.894574e-11, 3.529337e-10, 4.830305e-10, -5.146923e-10, -204779, 1.535406e+03, 3.110370e+05, 0.000000e+00
1, 1.535500e+03, 2.054158e+02, 8.877876e-11, 3.520171e-10, 4.812790e-10, -5.128378e-10, -204767, 1.535496e+03, 3.110370e+05, 0.000000e+00
1, 1.535600e+03, 2.054128e+02, 8.871481e-11, 3.526850e-10, 4.821175e-10, -5.142624e-10, -204755, 1.535586e+03, 3.110370e+05, 0.000000e+00
1, 1.535700e+03, 2.054062e+02, 8.855494e-11, 3.508376e-10, 4.795986e-10, -5.125536e-10, -204741, 1.535691e+03, 3.110380e+05, 0.000000e+00
1, 1.535800e+03, 2.054001e+02, 8.865797e-11, 3.520881e-10, 4.815206e-10, -5.149197e-10, -204725, 1.535811e+03, 3.110380e+05, 0.000000e+00
1, 1.535900e+03, 2.053962e+02, 8.846612e-11, 3.506209e-10, 4.795311e-10, -5.138858e-10, -204713, 1.535901e+03, 3.110380e+05, 0.000000e+00
1, 1.536000e+03, 2.053919e+02, 8.868284e-11, 3.503793e-10, 4.794032e-10, -5.158931e-10, -204699, 1.536006e+03, 3.110390e+05, 0.000000e+00
1, 1.536100e+03, 2.053880e+02, 8.882139e-11, 3.512675e-10, 4.807994e-10, -5.172431e-10, -204687, 1.536096e+03, 3.110390e+05, 0.000000e+00
1, 1.536200e+03, 2.053831e+02, 8.872902e-11, 3.514273e-10, 4.811405e-10, -5.169873e-10, -204674, 1.536193e+03, 3.110410e+05, 0.000000e+00
1, 1.536300e+03, 2.053795e+02, 8.860468e-11, 3.495195e-10, 4.788134e-10, -5.147172e-10, -204662, 1.536284e+03, 3.110390e+05, 0.000000e+00
1, 1.536400e+03, 2.053744e+02, 8.861534e-11, 3.501128e-10, 4.792433e-10, -5.179857e-10, -204645, 1.536411e+03, 3.110450e+05, 0.000000e+00
1, 1.536500e+03, 2.053705e+02, 8.875745e-11, 3.515197e-10, 4.815739e-10, -5.204903e-10, -204633, 1.536501e+03, 3.110440e+05, 0.000000e+00
1, 1.536600e+03, 2.053654e+02, 8.856205e-11, 3.505818e-10, 4.802168e-10, -5.161880e-10, -204620, 1.536599e+03, 3.110460e+05, 0.000000e+00
1, 1.536700e+03, 2.053579e+02, 8.841283e-11, 3.505889e-10, 4.798970e-10, -5.185790e-10, -204608, 1.536689e+03, 3.110490e+05, 0.000000e+00
1, 1.536800e+03, 2.053556e+02, 8.859047e-11, 3.534204e-10, 4.842455e-10, -5.228209e-10, -204594, 1.536794e+03, 3.110480e+05, 0.000000e+00
1, 1.536900e+03, 2.053501e+02, 8.864731e-11, 3.538538e-10, 4.850271e-10, -5.253078e-10, -204578, 1.536914e+03, 3.110490e+05, 0.000000e+00
1, 1.537000e+03, 2.053463e+02, 8.883561e-11, 3.530189e-10, 4.839613e-10, -5.246541e-10, -204566, 1.537004e+03, 3.110480e+05, 0.000000e+00
1, 1.537100e+03, 2.053416e+02, 8.887113e-11, 3.533529e-10, 4.843734e-10, -5.238974e-10, -204552, 1.537110e+03, 3.110480e+05, 0.000000e+00
1, 1.537200e+03, 2.053370e+02, 8.865797e-11, 3.516760e-10, 4.820144e-10, -5.222809e-10, -204540, 1.537200e+03, 3.110490e+05, 0.000000e+00
1, 1.537300e+03, 2.053322e+02, 8.844836e-11, 3.504219e-10, 4.801457e-10, -5.215348e-10, -204527, 1.537298e+03, 3.110490e+05, 0.000000e+00
1, 1.537400e+03, 2.053283e+02, 8.856205e-11, 3.516085e-10, 4.818439e-10, -5.237766e-10, -204514, 1.537395e+03, 3.110470e+05, 0.000000e+00
1, 1.537500e+03, 2.053223e+02, 8.847323e-11, 3.518750e-10, 4.823875e-10, -5.235350e-10, -204503, 1.537478e+03, 3.110450e+05, 0.000000e+00
1, 1.537600e+03, 2.053169e+02, 8.851231e-11, 3.509832e-10, 4.808705e-10, -5.242065e-10, -204487, 1.537598e+03, 3.110470e+05, 0.000000e+00
1, 1.537700e+03, 2.053151e+02, 8.835599e-11, 3.508376e-10, 4.812115e-10, -5.242420e-10, -204473, 1.537704e+03, 3.110480e+05, 0.000000e+00
1, 1.537800e+03, 2.053083e+02, 8.846257e-11, 3.520739e-10, 4.828351e-10, -5.263274e-10, -204461, 1.537794e+03, 3.110460e+05, 0.000000e+00
1, 1.537900e+03, 2.053056e+02, 8.865797e-11, 3.523652e-10, 4.832046e-10, -5.269172e-10, -204448, 1.537892e+03, 3.110470e+05, 0.000000e+00
1, 1.538000e+03, 2.052998e+02, 8.890311e-11, 3.531930e-10, 4.844054e-10, -5.271588e-10, -204434, 1.537997e+03, 3.110490e+05, 0.000000e+00
1, 1.538100e+03, 2.052962e+02, 8.880718e-11, 3.528342e-10, 4.837659e-10, -5.268177e-10, -204421, 1.538095e+03, 3.110540e+05, 0.000000e+00
1, 1.538200e+03, 2.052912e+02, 8.868994e-11, 3.524612e-10, 4.834959e-10, -5.270628e-10, -204406, 1.538208e+03, 3.110550e+05, 0.000000e+00
1, 1.538300e+03, 2.052886e+02, 8.861534e-11, 3.524292e-10, 4.832081e-10, -5.277521e-10, -204391, 1.538320e+03, 3.110540e+05, 0.000000e+00
1, 1.538400e+03, 2.052827e+02, 8.857981e-11, 3.515765e-10, 4.817693e-10, -5.260894e-10, -204379, 1.538411e+03, 3.110580e+05, 0.000000e+00
1, 1.538500e+03, 2.052768e+02, 8.842704e-11, 3.513740e-10, 4.814993e-10, -5.247145e-10, -204368, 1.538494e+03, 3.110650e+05, 0.000000e+00
1, 1.538600e+03, 2.052731e+02, 8.850876e-11, 3.515339e-10, 4.816698e-10, -5.242278e-10, -204354, 1.538599e+03, 3.110640e+05, 0.000000e+00
1, 1.538700e+03, 2.052671e+02, 8.851231e-11, 3.508305e-10, 4.811973e-10, -5.282139e-10, -204343, 1.538682e+03, 3.110690e+05, 0.000000e+00
1, 1.538800e+03, 2.052632e+02, 8.861178e-11, 3.512568e-10, 4.820144e-10, -5.269349e-10, -204330, 1.538780e+03, 3.110720e+05, 0.000000e+00
1, 1.538900e+03, 2.052576e+02, 8.835954e-11, 3.513563e-10, 4.812790e-10, -5.263345e-10, -204314, 1.538900e+03, 3.110740e+05, 0.000000e+00
1, 1.539000e+03, 2.052542e+02, 8.845191e-11, 3.516156e-10, 4.815846e-10, -5.255067e-10, -204301, 1.538998e+03, 3.110770e+05, 0.000000e+00
1, 1.539100e+03, 2.052492e+02, 8.866152e-11, 3.522871e-10, 4.826965e-10, -5.279368e-10, -204290, 1.539081e+03, 3.110760e+05, 0.000000e+00
1, 1.539200e+03, 2.052473e+02, 8.855139e-11, 3.513847e-10, 4.813252e-10, -5.260574e-10, -204275, 1.539194e+03, 3.110770e+05, 0.000000e+00
1, 1.539300e+03, 2.052404e+02, 8.856915e-11, 3.522480e-10, 4.823626e-10, -5.265974e-10, -204263, 1.539284e+03, 3.110780e+05, 0.000000e+00
1, 1.539400e+03, 2.052343e+02, 8.856205e-11, 3.522445e-10, 4.821388e-10, -5.271659e-10, -204247, 1.539405e+03, 3.110800e+05, 0.000000e+00
1, 1.539500e+03, 2.052300e+02, 8.862955e-11, 3.520739e-10, 4.819718e-10, -5.279404e-10, -204232, 1.539518e+03, 3.110810e+05, 0.000000e+00
1, 1.539600e+03, 2.052251e+02, 8.845191e-11, 3.516014e-10, 4.809984e-10, -5.282423e-10, -204220, 1.539609e+03, 3.110800e+05, 0.000000e+00
1, 1.539700e+03, 2.052223e+02, 8.844125e-11, 3.508589e-10, 4.798579e-10, -5.270131e-10, -204209, 1.539692e+03, 3.110890e+05, 0.000000e+00
1, 1.539800e+03, 2.052158e+02, 8.837020e-11, 3.509335e-10, 4.799681e-10, -5.262137e-10, -204196, 1.539790e+03, 3.110910e+05, 0.000000e+00
1, 1.539900e+03, 2.052101e+02, 8.841994e-11, 3.507630e-10, 4.798366e-10, -5.255067e-10, -204180, 1.539910e+03, 3.110900e+05, 0.000000e+00
1, 1.540000e+03, 2.052068e+02, 8.846968e-11, 3.517719e-10, 4.810978e-10, -5.267786e-10, -204170, 1.539986e+03, 3.110930e+05, 0.000000e+00
1, 1.540100e+03, 2.052008e+02, 8.834888e-11, 3.507559e-10, 4.795098e-10, -5.252829e-10, -204154, 1.540106e+03, 3.110930e+05, 0.000000e+00
1, 1.540200e+03, 2.051985e+02, 8.828493e-11, 3.506386e-10, 4.793606e-10, -5.260752e-10, -204140, 1.540212e+03, 3.110930e+05, 0.000000e+00
1, 1.540300e+03, 2.051924e+02, 8.837020e-11, 3.508411e-10, 4.794707e-10, -5.252865e-10, -204128, 1.540302e+03, 3.110930e+05, 0.000000e+00
1, 1.540400e+03, 2.051903e+02, 8.830625e-11, 3.506671e-10, 4.791012e-10, -5.256524e-10, -204116, 1.540393e+03, 3.110940e+05, 0.000000e+00
1, 1.540500e+03, 2.051835e+02, 8.848033e-11, 3.512177e-10, 4.800818e-10, -5.279048e-10, -204103, 1.540491e+03, 3.110940e+05, 0.000000e+00
1, 1.540600e+03, 2.051779e+02, 8.849099e-11, 3.517258e-10, 4.808740e-10, -5.284164e-10, -204090, 1.540589e+03, 3.110960e+05, 0.000000e+00
1, 1.540700e+03, 2.051749e+02, 8.837020e-11, 3.501306e-10, 4.784866e-10, -5.258656e-10, -204074, 1.540710e+03, 3.110990e+05, 0.000000e+00
1, 1.540800e+03, 2.051702e+02, 8.833112e-11, 3.507914e-10, 4.793996e-10, -5.276064e-10, -204062, 1.540801e+03, 3.111020e+05, 0.000000e+00
1, 1.540900e+03, 2.051662e+02, 8.832046e-11, 3.497753e-10, 4.779572e-10, -5.237339e-10, -204048, 1.540906e+03, 3.111080e+05, 0.000000e+00
1, 1.541000e+03, 2.051596e+02, 8.841994e-11, 3.495018e-10, 4.774208e-10, -5.238050e-10, -204036, 1.540997e+03, 3.111100e+05, 0.000000e+00
1, 1.541100e+03, 2.051577e+02, 8.839507e-11, 3.497149e-10, 4.777121e-10, -5.240715e-10, -204024, 1.541088e+03, 3.111120e+05, 0.000000e+00
1, 1.541200e+03, 2.051505e+02, 8.832046e-11, 3.499636e-10, 4.780709e-10, -5.244161e-10, -204008, 1.541208e+03, 3.111170e+05, 0.000000e+00
1, 1.541300e+03, 2.051485e+02, 8.834178e-11, 3.503295e-10, 4.786536e-10, -5.273861e-10, -203997, 1.541292e+03, 3.111180e+05, 0.000000e+00
1, 1.541400e+03, 2.051423e+02, 8.841994e-11, 3.502763e-10, 4.784866e-10, -5.260254e-10, -203983, 1.541397e+03, 3.111180e+05, 0.000000e+00
1, 1.541500e+03, 2.051366e+02, 8.835599e-11, 3.502585e-10, 4.785861e-10, -5.293082e-10, -203970, 1.541496e+03, 3.111210e+05, 0.000000e+00
1, 1.541600e+03, 2.051334e+02, 8.820322e-11, 3.499743e-10, 4.780567e-10, -5.270664e-10, -203958, 1.541586e+03, 3.111200e+05, 0.000000e+00
1, 1.541700e+03, 2.051271e+02, 8.822454e-11, 3.503082e-10, 4.782130e-10, -5.257199e-10, -203944, 1.541692e+03, 3.111210e+05, 0.000000e+00
1, 1.541800e+03, 2.051252e+02, 8.826362e-11, 3.499778e-10, 4.780247e-10, -5.274110e-10, -203931, 1.541790e+03, 3.111220e+05, 0.000000e+00
1, 1.541900e+03, 2.051193e+02, 8.821033e-11, 3.491607e-10, 4.766854e-10, -5.269705e-10, -203914, 1.541919e+03, 3.111220e+05, 0.000000e+00
1, 1.542000e+03, 2.051158e+02, 8.819967e-11, 3.484288e-10, 4.757013e-10, -5.242242e-10, -203902, 1.542010e+03, 3.111220e+05, 0.000000e+00
1, 1.542100e+03, 2.051093e+02, 8.817480e-11, 3.487024e-10, 4.759393e-10, -5.250520e-10, -203889, 1.542108e+03, 3.111240e+05, 0.000000e+00
1, 1.542200e+03, 2.051029e+02, 8.801848e-11, 3.487379e-10, 4.758469e-10, -5.255139e-10, -203877, 1.542199e+03, 3.111260e+05, 0.000000e+00
1, 1.542300e+03, 2.051007e+02, 8.815704e-11, 3.499707e-10, 4.777760e-10, -5.280043e-10, -203864, 1.542297e+03, 3.111270e+05, 0.000000e+00
1, 1.542400e+03, 2.050953e+02, 8.812506e-11, 3.486349e-10, 4.757794e-10, -5.236842e-10, -203853, 1.542380e+03, 3.111300e+05, 0.000000e+00
1, 1.542500e+03, 2.050922e+02, 8.830270e-11, 3.492246e-10, 4.766569e-10, -5.282743e-10, -203838, 1.542494e+03, 3.111320e+05, 0.000000e+00
1, 1.542600e+03, 2.050876e+02, 8.845902e-11, 3.497433e-10, 4.776126e-10, -5.285905e-10, -203823, 1.542607e+03, 3.111340e+05, 0.000000e+00
1, 1.542700e+03, 2.050846e+02, 8.841639e-11, 3.500666e-10, 4.780496e-10, -5.309388e-10, -203812, 1.542691e+03, 3.111340e+05, 0.000000e+00
1, 1.542800e+03, 2.050779e+02, 8.844125e-11, 3.497291e-10, 4.779892e-10, -5.298233e-10, -203798, 1.542797e+03, 3.111350e+05, 0.000000e+00
1, 1.542900e+03, 2.050755e+02, 8.845902e-11, 3.489795e-10, 4.771508e-10, -5.279048e-10, -203786, 1.542887e+03, 3.111360e+05, 0.000000e+00
1, 1.543000e+03, 2.050691e+02, 8.839507e-11, 3.503153e-10, 4.782450e-10, -5.293899e-10, -203773, 1.542986e+03, 3.111370e+05, 0.000000e+00
1, 1.543100e+03, 2.050629e+02, 8.826717e-11, 3.492815e-10, 4.767280e-10, -5.286545e-10, -203757, 1.543107e+03, 3.111390e+05, 0.000000e+00
1, 1.543200e+03, 2.050606e+02, 8.822809e-11, 3.497860e-10, 4.774137e-10, -5.307719e-10, -203743, 1.543213e+03, 3.111410e+05, 0.000000e+00
1, 1.543300e+03, 2.050536e+02, 8.823520e-11, 3.505214e-10, 4.785541e-10, -5.333796e-10, -203731, 1.543304e+03, 3.111380e+05, 0.000000e+00
1, 1.543400e+03, 2.050504e+02, 8.820322e-11, 3.499707e-10, 4.776766e-10, -5.290239e-10, -203719, 1.543395e+03, 3.111380e+05, 0.000000e+00
1, 1.543500e+03, 2.050443e+02, 8.818546e-11, 3.498037e-10, 4.773320e-10, -5.302141e-10, -203706, 1.543493e+03, 3.111410e+05, 0.000000e+00
1, 1.543600e+03, 2.050409e+02, 8.828138e-11, 3.490506e-10, 4.763727e-10, -5.314078e-10, -203691, 1.543607e+03, 3.111430e+05, 0.000000e+00
1, 1.543700e+03, 2.050351e+02, 8.841994e-11, 3.488232e-10, 4.760423e-10, -5.300045e-10, -203680, 1.543690e+03, 3.111440e+05, 0.000000e+00
1, 1.543800e+03, 2.050330e+02, 8.826717e-11, 3.483542e-10, 4.750227e-10, -5.279723e-10, -203666, 1.543797e+03, 3.111470e+05, 0.000000e+00
1, 1.543900e+03, 2.050260e+02, 8.829559e-11, 3.492424e-10, 4.762661e-10, -5.292300e-10, -203652, 1.543903e+03, 3.111480e+05, 0.000000e+00
1, 1.544000e+03, 2.050232e+02, 8.820678e-11, 3.476899e-10, 4.741665e-10, -5.301217e-10, -203641, 1.543986e+03, 3.111490e+05, 0.000000e+00
1, 1.544100e+03, 2.050186e+02, 8.828138e-11, 3.473417e-10, 4.737792e-10, -5.278444e-10, -203626, 1.544100e+03, 3.111490e+05, 0.000000e+00
1, 1.544200e+03, 2.050146e+02, 8.820322e-11, 3.480594e-10, 4.745289e-10, -5.305623e-10, -203614, 1.544191e+03, 3.111490e+05, 0.000000e+00
1, 1.544300e+03, 2.050090e+02, 8.815348e-11, 3.472920e-10, 4.731753e-10, -5.285159e-10, -203599, 1.544305e+03, 3.111490e+05, 0.000000e+00
1, 1.544400e+03, 2.050041e+02, 8.791190e-11, 3.487450e-10, 4.748344e-10, -5.319798e-10, -203583, 1.544426e+03, 3.111480e+05, 0.000000e+00
1, 1.544500e+03, 2.050005e+02, 8.779111e-11, 3.486065e-10, 4.744720e-10, -5.314362e-10, -203572, 1.544509e+03, 3.111480e+05, 0.000000e+00
1, 1.544600e+03, 2.049952e+02, 8.803269e-11, 3.490790e-10, 4.753460e-10, -5.321255e-10, -203562, 1.544585e+03, 3.111550e+05, 0.000000e+00
1, 1.544700e+03, 2.049926e+02, 8.805756e-11, 3.485567e-10, 4.747172e-10, -5.323635e-10, -203547, 1.544699e+03, 3.111540e+05, 0.000000e+00
1, 1.544800e+03, 2.049862e+02, 8.811796e-11, 3.487024e-10, 4.746248e-10, -5.311946e-10, -203536, 1.544783e+03, 3.111550e+05, 0.000000e+00
1, 1.544900e+03, 2.049828e+02, 8.797230e-11, 3.482796e-10, 4.739178e-10, -5.305196e-10, -203523, 1.544881e+03, 3.111570e+05, 0.000000e+00
1, 1.545000e+03, 2.049771e+02, 8.799717e-11, 3.482228e-10, 4.738290e-10, -5.315108e-10, -203507, 1.545003e+03, 3.111590e+05, 0.000000e+00
1, 1.545100e+03, 2.049715e+02, 8.803269e-11, 3.477538e-10, 4.733316e-10, -5.299299e-10, -203494, 1.545101e+03, 3.111580e+05, 0.000000e+00
1, 1.545200e+03, 2.049684e+02, 8.792966e-11, 3.480451e-10, 4.735980e-10, -5.321859e-10, -203483, 1.545185e+03, 3.111550e+05, 0.000000e+00
1, 1.545300e+03, 2.049620e+02, 8.797585e-11, 3.473595e-10, 4.724896e-10, -5.299547e-10, -203468, 1.545299e+03, 3.111580e+05, 0.000000e+00
1, 1.545400e+03, 2.049591e+02, 8.805756e-11, 3.472209e-10, 4.723688e-10, -5.316672e-10, -203455, 1.545398e+03, 3.111580e+05, 0.000000e+00
1, 1.545500e+03, 2.049526e+02, 8.798295e-11, 3.474092e-10, 4.725891e-10, -5.344916e-10, -203443, 1.545489e+03, 3.111590e+05, 0.000000e+00
1, 1.545600e+03, 2.049508e+02, 8.801493e-11, 3.470753e-10, 4.720206e-10, -5.313083e-10, -203427, 1.545610e+03, 3.111620e+05, 0.000000e+00
1, 1.545700e+03, 2.049436e+02, 8.803269e-11, 3.465601e-10, 4.715162e-10, -5.316139e-10, -203414, 1.545709e+03, 3.111630e+05, 0.000000e+00
1, 1.545800e+03, 2.049421e+02, 8.807888e-11, 3.473453e-10, 4.726175e-10, -5.315783e-10, -203402, 1.545800e+03, 3.111650e+05, 0.000000e+00
1, 1.545900e+03, 2.049348e+02, 8.798651e-11, 3.467484e-10, 4.717577e-10, -5.318945e-10, -203389, 1.545899e+03, 3.111650e+05, 0.000000e+00
1, 1.546000e+03, 2.049297e+02, 8.779821e-11, 3.460450e-10, 4.705321e-10, -5.305196e-10, -203375, 1.546005e+03, 3.111640e+05, 0.000000e+00
1, 1.546100e+03, 2.049262e+02, 8.772361e-11, 3.451497e-10, 4.692993e-10, -5.306227e-10, -203364, 1.546081e+03, 3.111640e+05, 0.000000e+00
1, 1.546200e+03, 2.049194e+02, 8.769518e-11, 3.455085e-10, 4.695409e-10, -5.311911e-10, -203351, 1.546188e+03, 3.111670e+05, 0.000000e+00
1, 1.546300e+03, 2.049161e+02, 8.755308e-11, 3.452882e-10, 4.690790e-10, -5.318022e-10, -203336, 1.546302e+03, 3.111680e+05, 0.000000e+00
1, 1.546400e+03, 2.049102e+02, 8.768808e-11, 3.454659e-10, 4.693526e-10, -5.313545e-10, -203325, 1.546386e+03, 3.111700e+05, 0.000000e+00
1, 1.546500e+03, 2.049085e+02, 8.779466e-11, 3.452811e-10, 4.693348e-10, -5.328609e-10, -203311, 1.546492e+03, 3.111730e+05, 0.000000e+00
1, 1.546600e+03, 2.049025e+02, 8.779111e-11, 3.454659e-10, 4.695906e-10, -5.332552e-10, -203298, 1.546591e+03, 3.111740e+05, 0.000000e+00
1, 1.546700e+03, 2.048999e+02, 8.776979e-11, 3.452563e-10, 4.688872e-10, -5.327188e-10, -203286, 1.546682e+03, 3.111760e+05, 0.000000e+00
1, 1.546800e+03, 2.048939e+02, 8.802914e-11, 3.454410e-10, 4.692993e-10, -5.335501e-10, -203268, 1.546819e+03, 3.111760e+05, 0.000000e+00
1, 1.546900e+03, 2.048911e+02, 8.790479e-11, 3.453557e-10, 4.691252e-10, -5.323635e-10, -203257, 1.546903e+03, 3.111740e+05, 0.000000e+00
1, 1.547000e+03, 2.048848e+02, 8.770940e-11, 3.451568e-10, 4.685354e-10, -5.329142e-10, -203244, 1.547002e+03, 3.111760e+05, 0.000000e+00
1, 1.547100e+03, 2.048818e+02, 8.779466e-11, 3.468905e-10, 4.708163e-10, -5.363532e-10, -203233, 1.547086e+03, 3.111740e+05, 0.000000e+00
1, 1.547200e+03, 2.048763e+02, 8.789058e-11, 3.465672e-10, 4.707310e-10, -5.369074e-10, -203218, 1.547200e+03, 3.111740e+05, 0.000000e+00
1, 1.547300e+03, 2.048712e+02, 8.797940e-11, 3.468941e-10, 4.710294e-10, -5.354721e-10, -203207, 1.547284e+03, 3.111740e+05, 0.000000e+00
1, 1.547400e+03, 2.048683e+02, 8.797230e-11, 3.461373e-10, 4.702478e-10, -5.358025e-10, -203192, 1.547390e+03, 3.111750e+05, 0.000000e+00
1, 1.547500e+03, 2.048609e+02, 8.781953e-11, 3.456613e-10, 4.688516e-10, -5.339196e-10, -203179, 1.547497e+03, 3.111780e+05, 0.000000e+00
1, 1.547600e+03, 2.048580e+02, 8.784440e-11, 3.454090e-10, 4.684395e-10, -5.355574e-10, -203166, 1.547596e+03, 3.111780e+05, 0.000000e+00
1, 1.547700e+03, 2.048510e+02, 8.789414e-11, 3.459348e-10, 4.694805e-10, -5.361720e-10, -203153, 1.547695e+03, 3.111800e+05, 0.000000e+00
1, 1.547800e+03, 2.048483e+02, 8.789769e-11, 3.454161e-10, 4.687344e-10, -5.356320e-10, -203139, 1.547802e+03, 3.111810e+05, 0.000000e+00
1, 1.547900e+03, 2.048425e+02, 8.768808e-11, 3.448548e-10, 4.673559e-10, -5.337242e-10, -203127, 1.547893e+03, 3.111800e+05, 0.000000e+00
1, 1.548000e+03, 2.048372e+02, 8.768453e-11, 3.441016e-10, 4.663079e-10, -5.322960e-10, -203112, 1.548007e+03, 3.111790e+05, 0.000000e+00
1, 1.548100e+03, 2.048328e+02, 8.778045e-11, 3.448015e-10, 4.673133e-10, -5.360477e-10, -203097, 1.548122e+03, 3.111810e+05, 0.000000e+00
1, 1.548200e+03, 2.048277e+02, 8.776624e-11, 3.440555e-10, 4.663043e-10, -5.346550e-10, -203085, 1.548213e+03, 3.111820e+05, 0.000000e+00
1, 1.548300e+03, 2.048251e+02, 8.775203e-11, 3.448939e-10, 4.671463e-10, -5.333760e-10, -203074, 1.548297e+03, 3.111850e+05, 0.000000e+00
1, 1.548400e+03, 2.048187e+02, 8.785861e-11, 3.453096e-10, 4.680558e-10, -5.369323e-10, -203061, 1.548396e+03, 3.111870e+05, 0.000000e+00
1, 1.548500e+03, 2.048158e+02, 8.778400e-11, 3.450253e-10, 4.673701e-10, -5.372485e-10, -203049, 1.548488e+03, 3.111860e+05, 0.000000e+00
1, 1.548600e+03, 2.048110e+02, 8.793677e-11, 3.455334e-10, 4.682015e-10, -5.368825e-10, -203033, 1.548610e+03, 3.111900e+05, 0.000000e+00
1, 1.548700e+03, 2.048049e+02, 8.792966e-11, 3.456897e-10, 4.684004e-10, -5.366729e-10, -203022, 1.548694e+03, 3.111910e+05, 0.000000e+00
1, 1.548800e+03, 2.048021e+02, 8.776269e-11, 3.440128e-10, 4.661267e-10, -5.355680e-10, -203009, 1.548793e+03, 3.111900e+05, 0.000000e+00
1, 1.548900e+03, 2.047973e+02, 8.772005e-11, 3.448015e-10, 4.671037e-10, -5.385417e-10, -202996, 1.548892e+03, 3.111930e+05, 0.000000e+00
1, 1.549000e+03, 2.047939e+02, 8.761702e-11, 3.444711e-10, 4.663470e-10, -5.369429e-10, -202983, 1.548991e+03, 3.111920e+05, 0.000000e+00
1, 1.549100e+03, 2.047876e+02, 8.768453e-11, 3.453060e-10, 4.674447e-10, -5.372094e-10, -202970, 1.549090e+03, 3.111910e+05, 0.000000e+00
1, 1.549200e+03, 2.047836e+02, 8.778756e-11, 3.446559e-10, 4.665388e-10, -5.372165e-10, -202957, 1.549190e+03, 3.111920e+05, 0.000000e+00
1, 1.549300e+03, 2.047778e+02, 8.798295e-11, 3.450147e-10, 4.670362e-10, -5.389147e-10, -202939, 1.549327e+03, 3.111920e+05, 0.000000e+00
1, 1.549400e+03, 2.047747e+02, 8.786571e-11, 3.446274e-10, 4.661800e-10, -5.399521e-10, -202930, 1.549396e+03, 3.111950e+05, 0.000000e+00
1, 1.549500e+03, 2.047692e+02, 8.767387e-11, 3.438636e-10, 4.650147e-10, -5.377352e-10, -202916, 1.549503e+03, 3.111940e+05, 0.000000e+00
1, 1.549600e+03, 2.047661e+02, 8.783729e-11, 3.445599e-10, 4.662866e-10, -5.390532e-10, -202905, 1.549587e+03, 3.111960e+05, 0.000000e+00
1, 1.549700e+03, 2.047610e+02, 8.759926e-11, 3.445528e-10, 4.656968e-10, -5.396679e-10, -202892, 1.549686e+03, 3.111990e+05, 0.000000e+00
1, 1.549800e+03, 2.047543e+02, 8.759216e-11, 3.446523e-10, 4.655121e-10, -5.382255e-10, -202879, 1.549785e+03, 3.111990e+05, 0.000000e+00
1, 1.549900e+03, 2.047512e+02, 8.760992e-11, 3.454907e-10, 4.669474e-10, -5.411032e-10, -202863, 1.549907e+03, 3.112000e+05, 0.000000e+00
1, 1.550000e+03, 2.047451e+02, 8.754952e-11, 3.452563e-10, 4.662901e-10, -5.410250e-10, -202849, 1.550014e+03, 3.112010e+05, 0.000000e+00
1, 1.550100e+03, 2.047425e+02, 8.777690e-11, 3.453593e-10, 4.663860e-10, -5.416396e-10, -202837, 1.550106e+03, 3.112020e+05, 0.000000e+00
1, 1.550200e+03, 2.047364e+02, 8.787993e-11, 3.447731e-10, 4.658212e-10, -5.402221e-10, -202825, 1.550198e+03, 3.112030e+05, 0.000000e+00
1, 1.550300e+03, 2.047330e+02, 8.773071e-11, 3.447624e-10, 4.654339e-10, -5.398171e-10, -202812, 1.550297e+03, 3.112020e+05, 0.000000e+00
1, 1.550400e+03, 2.047282e+02, 8.776624e-11, 3.441372e-10, 4.646310e-10, -5.412630e-10, -202800, 1.550389e+03, 3.112020e+05, 0.000000e+00
1, 1.550500e+03, 2.047246e+02, 8.777690e-11, 3.445813e-10, 4.650893e-10, -5.394121e-10, -202786, 1.550496e+03, 3.112110e+05, 0.000000e+00
1, 1.550600e+03, 2.047193e+02, 8.786927e-11, 3.446523e-10, 4.650396e-10, -5.409433e-10, -202771, 1.550611e+03, 3.112060e+05, 0.000000e+00
1, 1.550700e+03, 2.047134e+02, 8.785150e-11, 3.451603e-10, 4.661693e-10, -5.426912e-10, -202759, 1.550702e+03, 3.112100e+05, 0.000000e+00
1, 1.550800e+03, 2.047092e+02, 8.769518e-11, 3.448370e-10, 4.653806e-10, -5.420446e-10, -202747, 1.550794e+03, 3.112110e+05, 0.000000e+00
1, 1.550900e+03, 2.047038e+02, 8.772716e-11, 3.452492e-10, 4.659988e-10, -5.415473e-10, -202734, 1.550894e+03, 3.112100e+05, 0.000000e+00
1, 1.551000e+03, 2.047006e+02, 8.783729e-11, 3.453913e-10, 4.661977e-10, -5.435510e-10, -202719, 1.551008e+03, 3.112100e+05, 0.000000e+00
1, 1.551100e+03, 2.046943e+02, 8.784085e-11, 3.447305e-10, 4.652634e-10, -5.443503e-10, -202710, 1.551077e+03, 3.112120e+05, 0.000000e+00
1, 1.551200e+03, 2.046914e+02, 8.773782e-11, 3.447198e-10, 4.650289e-10, -5.413128e-10, -202692, 1.551215e+03, 3.112120e+05, 0.000000e+00
1, 1.551300e+03, 2.046862e+02, 8.780177e-11, 3.442580e-10, 4.645422e-10, -5.423821e-10, -202681, 1.551299e+03, 3.112120e+05, 0.000000e+00
1, 1.551400e+03, 2.046819e+02, 8.779111e-11, 3.452669e-10, 4.657856e-10, -5.460592e-10, -202669, 1.551391e+03, 3.112150e+05, 0.000000e+00
1, 1.551500e+03, 2.046763e+02, 8.774848e-11, 3.438991e-10, 4.639489e-10, -5.410783e-10, -202656, 1.551491e+03, 3.112190e+05, 0.000000e+00
1, 1.551600e+03, 2.046699e+02, 8.772005e-11, 3.442544e-10, 4.644356e-10, -5.437251e-10, -202643, 1.551590e+03, 3.112180e+05, 0.000000e+00
1, 1.551700e+03, 2.046664e+02, 8.767742e-11, 3.436433e-10, 4.635545e-10, -5.436647e-10, -202628, 1.551705e+03, 3.112190e+05, 0.000000e+00
1, 1.551800e+03, 2.046604e+02, 8.754597e-11, 3.441016e-10, 4.638991e-10, -5.444889e-10, -202612, 1.551827e+03, 3.112210e+05, 0.000000e+00
1, 1.551900e+03, 2.046586e+02, 8.752465e-11, 3.437890e-10, 4.634586e-10, -5.430678e-10, -202600, 1.551919e+03, 3.112230e+05, 0.000000e+00
1, 1.552000e+03, 2.046540e+02, 8.751755e-11, 3.435012e-10, 4.633129e-10, -5.437961e-10, -202591, 1.551988e+03, 3.112200e+05, 0.000000e+00
1, 1.552100e+03, 2.046505e+02, 8.778400e-11, 3.449045e-10, 4.655689e-10, -5.459313e-10, -202577, 1.552096e+03, 3.112210e+05, 0.000000e+00
1, 1.552200e+03, 2.046448e+02, 8.775913e-11, 3.455476e-10, 4.661267e-10, -5.485106e-10, -202564, 1.552195e+03, 3.112220e+05, 0.000000e+00
1, 1.552300e+03, 2.046419e+02, 8.778045e-11, 3.446559e-10, 4.647411e-10, -5.457608e-10, -202549, 1.552310e+03, 3.112230e+05, 0.000000e+00
1, 1.552400e+03, 2.046366e+02, 8.797940e-11, 3.452811e-10, 4.657359e-10, -5.474838e-10, -202538, 1.552394e+03, 3.112230e+05, 0.000000e+00
1, 1.552500e+03, 2.046323e+02, 8.801138e-11, 3.448228e-10, 4.651497e-10, -5.474057e-10, -202525, 1.552494e+03, 3.112230e+05, 0.000000e+00
1, 1.552600e+03, 2.046267e+02, 8.781598e-11, 3.440306e-10, 4.638032e-10, -5.468834e-10, -202512, 1.552594e+03, 3.112240e+05, 0.000000e+00
1, 1.552700e+03, 2.046210e+02, 8.787282e-11, 3.445919e-10, 4.645351e-10, -5.487948e-10, -202499, 1.552693e+03, 3.112240e+05, 0.000000e+00
1, 1.552800e+03, 2.046170e+02, 8.753176e-11, 3.434195e-10, 4.624816e-10, -5.432064e-10, -202487, 1.552785e+03, 3.112290e+05, 0.000000e+00
1, 1.552900e+03, 2.046124e+02, 8.765610e-11, 3.437073e-10, 4.631246e-10, -5.470184e-10, -202471, 1.552908e+03, 3.112310e+05, 0.000000e+00
1, 1.553000e+03, 2.046092e+02, 8.753531e-11, 3.437250e-10, 4.629612e-10, -5.476721e-10, -202459, 1.553000e+03, 3.112300e+05, 0.000000e+00
1, 1.553100e+03, 2.046028e+02, 8.748202e-11, 3.432596e-10, 4.620055e-10, -5.461338e-10, -202443, 1.553123e+03, 3.112330e+05, 0.000000e+00
1, 1.553200e+03, 2.046010e+02, 8.774492e-11, 3.449934e-10, 4.646807e-10, -5.513172e-10, -202434, 1.553192e+03, 3.112330e+05, 0.000000e+00
1, 1.553300e+03, 2.045942e+02, 8.785150e-11, 3.442935e-10, 4.638885e-10, -5.482086e-10, -202420, 1.553299e+03, 3.112350e+05, 0.000000e+00
1, 1.553400e+03, 2.045918e+02, 8.767387e-11, 3.431886e-10, 4.621299e-10, -5.463647e-10, -202408, 1.553391e+03, 3.112350e+05, 0.000000e+00
1, 1.553500e+03, 2.045848e+02, 8.772361e-11, 3.439418e-10, 4.631673e-10, -5.477006e-10, -202392, 1.553514e+03, 3.112400e+05, 0.000000e+00
1, 1.553600e+03, 2.045787e+02, 8.772361e-11, 3.442189e-10, 4.636185e-10, -5.496439e-10, -202380, 1.553606e+03, 3.112460e+05, 0.000000e+00
1, 1.553700e+03, 2.045762e+02, 8.767387e-11, 3.442118e-10, 4.633094e-10, -5.497398e-10, -202366, 1.553714e+03, 3.112470e+05, 0.000000e+00
1, 1.553800e+03, 2.045710e+02, 8.774137e-11, 3.442153e-10, 4.634870e-10, -5.489653e-10, -202354, 1.553806e+03, 3.112530e+05, 0.000000e+00
1, 1.553900e+03, 2.045686e+02, 8.772005e-11, 3.451603e-10, 4.645351e-10, -5.521308e-10, -202343, 1.553890e+03, 3.112550e+05, 0.000000e+00
1, 1.554000e+03, 2.045618e+02, 8.769518e-11, 3.450147e-10, 4.644107e-10, -5.512177e-10, -202328, 1.554006e+03, 3.112570e+05, 0.000000e+00
1, 1.554100e+03, 2.045581e+02, 8.772005e-11, 3.449578e-10, 4.644747e-10, -5.516725e-10, -202317, 1.554090e+03, 3.112570e+05, 0.000000e+00
1, 1.554200e+03, 2.045528e+02, 8.774492e-11, 3.447020e-10, 4.639524e-10, -5.518181e-10, -202302, 1.554205e+03, 3.112570e+05, 0.000000e+00
1, 1.554300e+03, 2.045498e+02, 8.765610e-11, 3.448903e-10, 4.642366e-10, -5.508269e-10, -202287, 1.554321e+03, 3.112580e+05, 0.000000e+00
1, 1.554400e+03, 2.045428e+02, 8.749268e-11, 3.433094e-10, 4.620020e-10, -5.493845e-10, -202276, 1.554405e+03, 3.112580e+05, 0.000000e+00
1, 1.554500e+03, 2.045375e+02, 8.737544e-11, 3.429221e-10, 4.608971e-10, -5.506138e-10, -202266, 1.554482e+03, 3.112580e+05, 0.000000e+00
1, 1.554600e+03, 2.045346e+02, 8.732925e-11, 3.423288e-10, 4.600942e-10, -5.482335e-10, -202251, 1.554597e+03, 3.112590e+05, 0.000000e+00
1, 1.554700e+03, 2.045287e+02, 8.736123e-11, 3.435545e-10, 4.615757e-10, -5.489795e-10, -202239, 1.554690e+03, 3.112630e+05, 0.000000e+00
1, 1.554800e+03, 2.045265e+02, 8.739676e-11, 3.425029e-10, 4.601226e-10, -5.491678e-10, -202223, 1.554813e+03, 3.112630e+05, 0.000000e+00
1, 1.554900e+03, 2.045209e+02, 8.730794e-11, 3.429896e-10, 4.605383e-10, -5.506244e-10, -202212, 1.554897e+03, 3.112600e+05, 0.000000e+00
1, 1.555000e+03, 2.045174e+02, 8.738965e-11, 3.428546e-10, 4.601333e-10, -5.501661e-10, -202199, 1.554997e+03, 3.112660e+05, 0.000000e+00
1, 1.555100e+03, 2.045110e+02, 8.722978e-11, 3.418883e-10, 4.590035e-10, -5.480523e-10, -202186, 1.555097e+03, 3.112690e+05, 0.000000e+00
1, 1.555200e+03, 2.045093e+02, 8.743584e-11, 3.428866e-10, 4.605276e-10, -5.507630e-10, -202172, 1.555205e+03, 3.112690e+05, 0.000000e+00
1, 1.555300e+03, 2.045034e+02, 8.762413e-11, 3.425278e-10, 4.604566e-10, -5.511183e-10, -202162, 1.555282e+03, 3.112730e+05, 0.000000e+00
1, 1.555400e+03, 2.044958e+02, 8.742163e-11, 3.419025e-10, 4.589928e-10, -5.485603e-10, -202148, 1.555389e+03, 3.112740e+05, 0.000000e+00
1, 1.555500e+03, 2.044933e+02, 8.738610e-11, 3.421547e-10, 4.591669e-10, -5.509513e-10, -202132, 1.555513e+03, 3.112770e+05, 0.000000e+00
1, 1.555600e+03, 2.044871e+02, 8.743939e-11, 3.418528e-10, 4.589360e-10, -5.509406e-10, -202119, 1.555613e+03, 3.112830e+05, 0.000000e+00
1, 1.555700e+03, 2.044845e+02, 8.738255e-11, 3.421832e-10, 4.592700e-10, -5.521699e-10, -202106, 1.555713e+03, 3.112840e+05, 0.000000e+00
1, 1.555800e+03, 2.044766e+02, 8.744294e-11, 3.427196e-10, 4.598313e-10, -5.510827e-10, -202094, 1.555805e+03, 3.112860e+05, 0.000000e+00
1, 1.555900e+03, 2.044750e+02, 8.753531e-11, 3.421654e-10, 4.593232e-10, -5.523439e-10, -202082, 1.555897e+03, 3.112840e+05, 0.000000e+00
1, 1.556000e+03, 2.044697e+02, 8.745715e-11, 3.421761e-10, 4.592415e-10, -5.513918e-10, -202070, 1.555990e+03, 3.112850e+05, 0.000000e+00
1, 1.556100e+03, 2.044641e+02, 8.743584e-11, 3.424603e-10, 4.593730e-10, -5.541239e-10, -202057, 1.556090e+03, 3.112830e+05, 0.000000e+00
1, 1.556200e+03, 2.044618e+02, 8.749623e-11, 3.428084e-10, 4.599059e-10, -5.533387e-10, -202042, 1.556205e+03, 3.112820e+05, 0.000000e+00
1, 1.556300e+03, 2.044554e+02, 8.771650e-11, 3.426948e-10, 4.600977e-10, -5.532108e-10, -202030, 1.556298e+03, 3.112860e+05, 0.000000e+00
1, 1.556400e+03, 2.044524e+02, 8.759571e-11, 3.438707e-10, 4.615153e-10, -5.563585e-10, -202019, 1.556383e+03, 3.112890e+05, 0.000000e+00
1, 1.556500e+03, 2.044464e+02, 8.767742e-11, 3.444143e-10, 4.622152e-10, -5.584369e-10, -202004, 1.556498e+03, 3.112880e+05, 0.000000e+00
1, 1.556600e+03, 2.044430e+02, 8.761347e-11, 3.438494e-10, 4.610676e-10, -5.566534e-10, -201992, 1.556591e+03, 3.112890e+05, 0.000000e+00
1, 1.556700e+03, 2.044389e+02, 8.721912e-11, 3.416574e-10, 4.582148e-10, -5.546177e-10, -201977, 1.556706e+03, 3.112900e+05, 0.000000e+00
1, 1.556800e+03, 2.044361e+02, 8.754242e-11, 3.408296e-10, 4.577707e-10, -5.545218e-10, -201963, 1.556814e+03, 3.112900e+05, 0.000000e+00
1, 1.556900e+03, 2.044292e+02, 8.757439e-11, 3.407870e-10, 4.577565e-10, -5.550014e-10, -201951, 1.556907e+03, 3.112970e+05, 0.000000e+00
1, 1.557000e+03, 2.044255e+02, 8.756373e-11, 3.418350e-10, 4.585630e-10, -5.541878e-10, -201940, 1.556991e+03, 3.112990e+05, 0.000000e+00
1, 1.557100e+03, 2.044203e+02, 8.764900e-11, 3.419274e-10, 4.591065e-10, -5.550547e-10, -201925, 1.557107e+03, 3.112990e+05, 0.000000e+00
1, 1.557200e+03, 2.044147e+02, 8.771295e-11, 3.428013e-10, 4.600942e-10, -5.582521e-10, -201915, 1.557184e+03, 3.113010e+05, 0.000000e+00
1, 1.557300e+03, 2.044120e+02, 8.758505e-11, 3.417924e-10, 4.588188e-10, -5.559784e-10, -201901, 1.557285e+03, 3.113000e+05, 0.000000e+00
1, 1.557400e+03, 2.044054e+02, 8.767032e-11, 3.434515e-10, 4.610108e-10, -5.605614e-10, -201888, 1.557393e+03, 3.112990e+05, 0.000000e+00
1, 1.557500e+03, 2.044029e+02, 8.730439e-11, 3.412772e-10, 4.579377e-10, -5.558860e-10, -201874, 1.557501e+03, 3.113010e+05, 0.000000e+00
1, 1.557600e+03, 2.043960e+02, 8.716938e-11, 3.419487e-10, 4.586695e-10, -5.576872e-10, -201862, 1.557593e+03, 3.113050e+05, 0.000000e+00
1, 1.557700e+03, 2.043936e+02, 8.738255e-11, 3.417711e-10, 4.585239e-10, -5.584617e-10, -201848, 1.557701e+03, 3.113030e+05, 0.000000e+00
1, 1.557800e+03, 2.043871e+02, 8.744294e-11, 3.419132e-10, 4.587477e-10, -5.578897e-10, -201836, 1.557794e+03, 3.113020e+05, 0.000000e+00
1, 1.557900e+03, 2.043815e+02, 8.767032e-11, 3.428617e-10, 4.598597e-10, -5.604477e-10, -201823, 1.557894e+03, 3.113030e+05, 0.000000e+00
1, 1.558000e+03, 2.043777e+02, 8.752821e-11, 3.418492e-10, 4.584777e-10, -5.598970e-10, -201808, 1.558010e+03, 3.113040e+05, 0.000000e+00
1, 1.558100e+03, 2.043719e+02, 8.754597e-11, 3.417213e-10, 4.583711e-10, -5.596767e-10, -201794, 1.558118e+03, 3.113050e+05, 0.000000e+00
1, 1.558200e+03, 2.043686e+02, 8.737544e-11, 3.405916e-10, 4.565486e-10, -5.581597e-10, -201783, 1.558203e+03, 3.113050e+05, 0.000000e+00
1, 1.558300e+03, 2.043632e+02, 8.748202e-11, 3.406662e-10, 4.566623e-10, -5.576375e-10, -201772, 1.558288e+03, 3.113090e+05, 0.000000e+00
1, 1.558400e+03, 2.043601e+02, 8.734702e-11, 3.401013e-10, 4.557386e-10, -5.580638e-10, -201759, 1.558388e+03, 3.113130e+05, 0.000000e+00
1, 1.558500e+03, 2.043536e+02, 8.727596e-11, 3.409575e-10, 4.569820e-10, -5.579430e-10, -201744, 1.558504e+03, 3.113120e+05, 0.000000e+00
1, 1.558600e+03, 2.043507e+02, 8.725465e-11, 3.402398e-10, 4.557812e-10, -5.575380e-10, -201733, 1.558589e+03, 3.113120e+05, 0.000000e+00
1, 1.558700e+03, 2.043452e+02, 8.738610e-11, 3.408829e-10, 4.566800e-10, -5.589840e-10, -201718, 1.558705e+03, 3.113130e+05, 0.000000e+00
1, 1.558800e+03, 2.043422e+02, 8.716938e-11, 3.400302e-10, 4.554117e-10, -5.574989e-10, -201707, 1.558790e+03, 3.113150e+05, 0.000000e+00
1, 1.558900e+03, 2.043360e+02, 8.744294e-11, 3.401546e-10, 4.558807e-10, -5.596625e-10, -201694, 1.558891e+03, 3.113150e+05, 0.000000e+00
1, 1.559000e+03, 2.043297e+02, 8.735057e-11, 3.397211e-10, 4.549072e-10, -5.582486e-10, -201681, 1.558991e+03, 3.113150e+05, 0.000000e+00
1, 1.559100e+03, 2.043271e+02, 8.721557e-11, 3.394405e-10, 4.542215e-10, -5.589484e-10, -201667, 1.559099e+03, 3.113190e+05, 0.000000e+00
1, 1.559200e+03, 2.043201e+02, 8.743584e-11, 3.405489e-10, 4.555467e-10, -5.592469e-10, -201653, 1.559207e+03, 3.113250e+05, 0.000000e+00
1, 1.559300e+03, 2.043180e+02, 8.727241e-11, 3.394405e-10, 4.540404e-10, -5.581597e-10, -201639, 1.559316e+03, 3.113250e+05, 0.000000e+00
1, 1.559400e+03, 2.043129e+02, 8.745360e-11, 3.400444e-10, 4.546017e-10, -5.587886e-10, -201628, 1.559401e+03, 3.113280e+05, 0.000000e+00
1, 1.559500e+03, 2.043107e+02, 8.742163e-11, 3.412026e-10, 4.559872e-10, -5.604441e-10, -201617, 1.559486e+03, 3.113290e+05, 0.000000e+00
1, 1.559600e+03, 2.043055e+02, 8.733991e-11, 3.400729e-10, 4.545591e-10, -5.600285e-10, -201602, 1.559602e+03, 3.113310e+05, 0.000000e+00
1, 1.559700e+03, 2.043018e+02, 8.749623e-11, 3.407727e-10, 4.556142e-10, -5.626610e-10, -201591, 1.559687e+03, 3.113340e+05, 0.000000e+00
1, 1.559800e+03, 2.042945e+02, 8.746071e-11, 3.415792e-10, 4.566587e-10, -5.630376e-10, -201578, 1.559788e+03, 3.113360e+05, 0.000000e+00
1, 1.559900e+03, 2.042900e+02, 8.730439e-11, 3.411138e-10, 4.557172e-10, -5.611760e-10, -201563, 1.559904e+03, 3.113350e+05, 0.000000e+00
1, 1.560000e+03, 2.042861e+02, 8.753887e-11, 3.418883e-10, 4.568435e-10, -5.641603e-10, -201551, 1.559997e+03, 3.113340e+05, 0.000000e+00
