Hydrogen,H,1,13.6
Helium,He,2,24.6
Lithium,Li,3,54.7,54.3
Beryllium,Be,4,111.5,108.5
Boron,B,5,188,183.3
Carbon,C,6,284.2,277
Nitrogen,N,7,409.9 37.3,392.4
Oxygen,O,8,543.1 41.6,524.9
Fluorine,F,9,696.7,676.8
Neon,Ne,10,870.2 48.5 21.7 21.6,848.6 848.6
Sodium,Na,11,1070.8 63.5 30.65 30.81,1040.98 1040.98 1071.1
Magnesium,Mg,12,1303.0 88.7 49.78 49.50,1253.6 1253.6 1302.2
Aluminum,Al,13,1559.6 117.8 72.95 72.55,1486.7 1486.27 1557.45
Silicon,Si,14,1839 149.7 99.82 99.42,1739.98 1739.38 1835.94
Phosphorous,P,15,2145.5 189 136 135,2013.7 2012.7 2139.1
Sulphur,S,16,2472 230.9 163.6 162.5,2307.84 2306.64 2464.04
Clorine,Cl,17,2822.4 270 202 200,2622.39 2620.78 2815.6
Argon,Ar,18,3205.9 326.3 250.6 248.4 29.3 15.9 15.7,2957.7 2955.63 3190.5
Potassium,K,19,3608.4 378.6 297.3 294.6 34.8 18.3 18.3,3313.8 3311.1 3589.6
Calcium,Ca,20,4038.5 438.4 349.7 346.2 44.3 25.4 25.4,3691.68 3688.09 4012.7 341.3 341.3 344.9
Scandium,Sc,21,4492 498.0 403.6 398.7 51.1 28.3 28.3,4090.6 4086.1 4460.5 395.4 395.4 399.6
Titanium,Ti,22,4966 560.9 460.2 453.8 58.7 32.6 32.6,4510.84 4504.86 4931.81 452.2 452.2 458.4
Vanadium,V,23,5465 626.7 519.8 512.1 66.3 37.2 37.2,4952.2 4944.64 5427.29 511.3 511.3 519.2
Chromium,Cr,24,5989 696.0 583.8 574.1 74.1 42.2 42.2,5414.72 5405.509 5946.71 572.8 572.8 582.8
Manganese,Mn,25,6539 769.1 649.9 638.7 82.3 47.2 47.2,5898.75 5887.65 6490.45 637.4 637.4 648.8
Iron,Fe,26,7112 844.6 719.9 706.8 91.3 52.7 52.7,6403.84 6390.84 7057.98 705 705 718.5
Cobalt,Co,27,7709 925.1 793.2 778.1 101.0 58.9 59.9,6930.32 6915.3 7649.43 776.2 776.2 791.4
Nickel,Ni,28,8333 1008.6 870.0 852.7 110.8 68.0 66.2,7478.15 7460.89 8264.66 851.5 851.5 868.8
Copper,Cu,29,8979 1096.7 952.3 932.7 122.5 77.3 75.1,8047.78 8027.83 8905.29 929.7 929.7 949.8
Zinc,Zn,30,9659 1196.2 1044.9 1021.8 139.8 91.4 88.6 10.2 10.1,8638.86 8615.78 9572 1011.7 1011.7 1034.7
Gallium,Ga,31,10367 1299.0 1143.2 1116.4 159.5 103.5 100.0 18.7 18.7,9251.74 9224.82 10264.2 1097.92 1097.92 1124.8
Germanium,Ge,32,11103 1414.6 1248.1 1217.0 180.1 124.9 120.8 29.8 29.2,9886.42 9855.32 10982.1 1188 1188 1218.5
Arsenic,As,33,11867 1527.0 1359.1 1323.6 204.7 146.2 141.2 41.7 41.7,10543.72 10507.99 11726.2 1282 1282 1317
Selenium,Se,34,12658 1652.0 1474.3 1433.9 229.6 166.5 160.7 55.5 54.6,11222.4 11181.4 12495.9 1379.1 1379.1 1419.23
Bromine,Br,35,13474 1782 1596 1550 257 189 182 70 69,11924.2 11877.6 13291.4 1480.43 1480.43 1525.9
Krypton,Kr,36,14326 1921 1730.9 1678.4 292.8 222.2 214.4 95.0 27.5 14.1 14.1,12649 12598 14112 1586 1586 1636.6
Rubidium,Rb,37,15200 2065 1864 1804 326.7 248.7 239.1 113.0 112 30.5 16.3 15.3,13395.3 13335.8 14961.3 1694.13 1692.56 1752.17
Strontium,Sr,38,16105 2216 2007 1940 358.7 280.3 270.0 136.0 134.2 38.9 21.3 20.1,14165 14097.9 15835.7 1806.56 1804.74 1871.72
Yttrium,Y,39,17038 2373 2156 2080 392.0 310.6 298.8 157.7 155.8 43.8 24.4 23.1,14958.4 14882.9 16737.8 1922.56 1920.47 1995.84
Zirconium,Zr,40,17998 2532 2307 2223 430.3 343.5 329.8 181.1 178.8 50.6 28.5 27.1,15775.1 15690.9 17667.8 2042.36 2039.9 2124.4 2219.4 2302.7
Niobium,Nb,41,18986 2698 2465 2371 466.6 376.1 360.6 205.0 202.3 56.4 32.6 30.8,16615.1 16521 18622.5 2165.89 2163 2257.4 2367 2461.8
Molybdenum,Mo,42,20000 2866 2625 2520 506.3 411.6 394.0 231.1 227.9 63.2 37.6 35.5,17479.34 17374.3 19608.3 2293.16 2289.85 2394.81 2518.3 2623.5
Technetium,Tc,43,21044 3043 2793 2677 544 447.6 417.7 257.6 253.9 69.5 42.3 39.9,18367.1 18250.8 20619 2424 2420 2538 2674 2792
Ruthenium,Ru,44,22117 3224 2967 2838 586.1 483.5 461.4 284.2 280.0 75.0 46.3 43.2,19279.2 19150.4 21656.8 2558.55 2554.31 2683.23 2836 2964.5
Rhodium,Rh,45,23220 3412 3146 3004 628.1 521.3 496.5 311.9 307.2 81.4 50.5 47.3,20216.1 20073.7 22723.6 2696.74 2692.05 2834.41 3001.3 3143.8
Palladium,Pd,46,24350 3604 3330 3173 671.6 559.9 532.3 340.5 335.2 87.1 55.7 50.9,21177.1 21020.1 23818.7 2838.61 2833.29 2990.22 3171.79 3328.7
Silver,Ag,47,25514 3806 3524 3351 719.0 603.8 573.0 374.0 368.3 97.0 63.7 58.3,22162.92 21990.3 24942.4 2984.31 2978.21 3150.94 3347.81 3519.59
Cadmium,Cd,48,26711 4018 3727 3538 772.0 652.6 618.4 411.9 405.2 109.8 63.9 63.9 11.7 l0.7,23173.6 22984.1 26095.5 3133.73 3126.91 3316.57 3528.12 3716.86
Indium,In,49,27940 4238 3938 3730 827.2 703.2 665.3 451.4 443.9 122.9 73.5 73.5 17.7 16.9,24209.7 24002 27275.9 3286.94 3279.29 3487.21 3713.81 3920.81
Tin,Sn,50,29200 4465 4156 3929 884.7 756.5 714.6 493.2 484.9 137.1 83.6 83.6 24.9 23.9,25271.3 25044 28486 3443.98 3435.42 3662.8 3904.86 4131.12
Antimony,Sb,51,30491 4698 4380 4132 946 812.7 766.4 537.5 528.2 153.2 95.6 95.6 33.3 32.1,26359.1 26110.8 29725.6 3604.72 3595.32 3843.57 4100.78 4347.79
Tellurium,Te,52,31814 4939 4612 4341 1006 870.8 820.0 583.4 573.0 169.4 103.3 103.3 41.9 40.4,27472.3 27201.7 30995.7 3769.33 3758.8 4029.58 4301.7 4570.9
Iodine,I,53,33169 5188 4852 4557 1072 931 875 630.8 619.3 186 123 123 50.6 48.9,28612 28317.2 32294.7 3937.65 3926.04 4220.72 4507.5 4800.9
Xenon,Xe,54,34561 5453 5107 4786 1148.7 1002.1 940.6 689.0 676.4 213.2 146.7 145.5 69.5 67.5 - - 23.3 13.4 12.1,29779 29458 33624 4109.9 - - - -
Cesium,Cs,55,35985 5714 5359 5012 1211 1071 1003 740.5 726.6 232.3 172.4 161.3 79.8 77.5 - - 22.7 14.2 12.1,30972.8 30625.1 34986.9 4286.5 4272.2 4619.8 4935.9 5280.4
Barium,Ba,56,37441 5989 5624 5247 1293 1137 1063 795.7 780.5 253.5 192 178.6 92.6 89.9 - - 30.3 17.0 14.8,32193.6 31817.1 36378.2 4466.26 4450.9 4827.53 5156.5 5531.1
Lanthanum,La,57,38925 6266 5891 5483 1362 1209 1128 853 836 274.7 205.8 196.0 105.3 102.5 - - 34.3 19.3 16.8,33441.8 33034.1 37801 4650.97 4634.23 5042.1 5383.5 5788.5 833
Cerium,Ce,58,40443 6549 6164 5723 1436 1274 1187 902.4 883.8 291.0 223.2 206.5 109 - 0.1 0.1 37.8 19.8 17.0,34719.7 34278.9 39257.3 4840.2 4823 5262.2 5613.4 6052 883
Praesodyminum,Pr,59,41991 6835 6440 5964 1511 1337 1242 948.3 928.8 304.5 236.3 217.6 115.1 115.1 2.0 2.0 37.4 22.3 22.3,36026.3 35550.2 40748.2 5033.7 5013.5 5488.9 5850 6322.1 929
Neodymium,Nd,60,43569 7126 6722 6208 1575 1403 1297 1003.3 980.4 319.2 243.3 224.6 120.5 120.5 1.5 1.5 37.5 21.1 21.1,37361 36847.4 42271.3 5230.4 5207.7 5721.6 6089.4 6602.1 978
Promethium,Pm,61,45184 7428 7013 6459 - 1471 1357 1052 1027 - 242 242 120 120 - - - - -,38724.7 38171.2 43826 5432.5 5407.8 5961 6339 6892 -
Samarium,Sm,62,46834 7737 7312 6716 1723 1541 1420 1110.9 1083.4 347.2 265.6 247.4 129 129 5.2 5.2 37.4 21.3 21.3,40118.1 39522.4 45413 5636.1 5609 6205.1 6586 7178 1081
Europium,Eu,63,48519 8052 7617 6977 1800 1614 1481 1158.6 1127.5 360 284 257 133 127.7 0 0 32 22 22,41542.2 40901.9 47037.9 5845.7 5816.6 6456.4 6843.2 7480.3 1131
Gadolinium,Gd,64,50239 8376 7930 7243 1881 1688 1544 1221.9 1189.6 378.6 286 271 - 142.6 8.6 8.6 36 28 21,42996.2 42308.9 48697 6057.2 6025 6713.2 7102.8 7785.8 1185
Terbium,Tb,65,51996 8708 8252 7514 1968 1768 1611 1276.9 1241.1 396.0 322.4 284.1 150.5 150.5 7.7 2.4 45.6 28.7 22.6,44481.6 43744.1 50382 6272.8 6238 6978 7366.7 8102 1240
Dysprosium,Dy,66,53789 9046 8581 7790 2047 1842 1676 1333 1292.6 414.2 333.5 293.2 153.6 153.6 8.0 4.3 49.9 26.3 26.3,45998.4 45207.8 52119 6495.2 6457.7 7247.7 7635.7 8418.8 1293
Holmium,Ho,67,55618 9394 8918 8071 2128 1923 1741 1392 1351 432.4 343.5 308.2 160 160 8.6 5.2 49.3 30.8 24.1,47546.7 46699.7 53877 6719.8 6679.5 7525.3 7911 8747 1348
Erbium,Er,68,57486 9751 9264 8358 2207 2006 1812 1453 1409 449.8 366.2 320.2 167.6 167.6 - 4.7 50.6 31.4 24.7,49127.7 48221.1 55681 6948.7 6905 7810.9 8189 9089 1406
Thulium,Tm,69,59390 10116 9617 8648 2307 2090 1885 1515 1468 470.9 385.9 332.6 175.5 175.5 - 4.6 54.7 31.8 25.0,50741.6 49772.6 57517 7179.9 7133.1 8101 8468 9426 1462
Ytterbium,Yb,70,61332 10486 9978 8944 2398 2173 1950 1576 1528 480.5 388.7 339.7 191.2 182.4 2.5 1.3 52.0 30.3 24.1,52388.9 51354 59370 7415.6 7367.3 8401.8 8758.8 9780.1 1521.4
Lutetium,Lu,71,63314 10870 10349 9244 2491 2264 2024 1639 1589 506.8 412.4 359.2 206.1 196.3 8.9 7.5 57.3 33.6 26.7,54069.8 52965 61283 7655.5 7604.9 8709 9048.9 10143.4 1581.3
Hafnium,Hf,72,65351 11271 10739 9561 2601 2365 2108 1716 1662 538 438.2 380.7 220.0 211.5 15.9 14.2 64.2 38 29.9,55790.2 54611.4 63234 7899 7844.6 9022.7 9347.3 10515.8 1644.6
Tantalum,Ta,73,67416 11682 11136 9881 2708 2469 2194 1793 1735 563.4 463.4 400.9 237.9 226.4 23.5 21.6 69.7 42.2 32.7,57532 56277 65223 8146.1 8087.9 9343.1 9651.8 10895.2 1710
Tungsten,W,74,69525 12100 11544 10207 2820 2575 2281 1872 1809 594.1 490.4 423.6 255.9 243.5 33.6 31.4 75.6 45.3 36.8,59318.24 57981.7 67244.3 8397.6 8335.2 9672.35 9961.5 11285.9 1775.4
Rhenium,Re,75,71676 12527 11959 10535 2932 2682 2367 1949 1883 625.4 518.7 446.8 273.9 260.5 42.9 40.5 83 45.6 34.6,61140.3 59717.9 69310 8652.5 8586.2 10010 10275.2 11685.4 1842.5
Osmium,Os,76,73871 12968 12385 10871 3049 2792 2457 2031 1960 658.2 549.1 470.7 293.1 278.5 53.4 50.7 84 58 44.5,63000.5 61486.7 71413 8911.7 8841 10355.3 10598.5 12095.3 1910.2
Iridium,Ir,77,76111 13419 12824 11215 3174 2909 2551 2116 2040 691.1 577.8 495.8 311.9 296.3 63.8 60.8 95.2 63.0 48.0,64895.6 63286.7 73560.8 9175.1 9099.5 10708.3 10920.3 12512.6 1979.9
Platinum,Pt,78,78395 13880 13273 11564 3296 3027 2645 2202 2122 725.4 609.1 519.4 331.6 314.6 74.5 71.2 101.7 65.3 51.7,66832 65112 75748 9442.3 9361.8 11070.7 11250.5 12942 2050.5
Gold,Au,79,80725 14353 13734 11919 3425 3148 2743 2291 2206 762.1 642.7 546.3 353.2 335.1 87.6 84.0 107.2 74.2 57.2,68803.7 66989.5 77984 9713.3 9628 11442.3 11584.7 13381.7 2122.9
Mercury,Hg,80,83102 14839 14209 12284 3562 3279 2847 2385 2295 802.2 680.2 576.6 378.2 358.8 104.0 99.9 127 83.1 64.5 9.6 7.8,70819 68895 80253 9988.8 9897.6 11822.6 11924.1 13830.1 2195.3
Thallium,Tl,81,85530 15347 14698 12658 3704 3416 2957 2485 2389 846.2 720.5 609.5 405.7 385.0 122.2 117.8 136.0 94.6 73.5 14.7 12.5,72871.5 70831.9 82576 10268.5 10172.8 12213.3 12271.5 14291.5 2270.6
Lead,Pb,82,88005 15861 15200 13035 3851 3554 3066 2586 2484 891.8 761.9 643.5 434.3 412.2 141.7 136.9 147 106.4 83.3 20.7 18.1,74969.4 72804.2 84936 10551.5 10449.5 12613.7 12622.6 14764.4 2345.5
Bismuth,Bi,83,90524 16388 15711 13419 3999 3696 3177 2688 2580 939 805.2 678.8 464.0 440.1 162.3 157.0 159.3 119.0 92.6 26.9 23.8,77107.9 74814.8 87343 10838.8 10730.91 13023.5 12979.9 15247.7 2422.6
Polonium,Po,84,93105 16939 16244 13814 4149 3854 3302 2798 2683 995 851 705 500 473 184 184 177 132 104 31 31,79290 76862 89800 11130.8 11015.8 13447 13340.4 15744 -
Astatine,At,85,95730 17493 16785 14214 4317 4008 3426 2909 2787 1042 886 740 533 507 210 210 195 148 115 40 40,81520 78950 92300 11426.8 11304.8 13876 - 16251 -
Radon,Rn,86,98404 18049 17337 14619 4482 4159 3538 3022 2892 1097 929 768 567 541 238 238 214 164 127 48 48 26,83780 81070 94870 11727 11597.9 14316 - 16770 -
Francium,Fr,87,101137 18639 17907 15031 4652 4327 3663 3136 3000 1153 980 810 603 577 268 268 234 182 140 58 58 34 15 15,86100 83230 97470 12031.3 11895 14770 14450 17303 -
Radium,Ra,88,103922 19237 18484 15444 4822 4490 3792 3248 3105 1208 1058 879 636 603 299 299 254 200 153 68 68 44 19 19,88470 85430 100130 12339.7 12196.2 15235.8 14841.4 17849 -
Actinium,Ac,89,106755 19840 19083 15871 5002 4656 3909 3370 3219 1269 1080 890 675 639 319 319 272 215 167 80 80 - - -,90884 87670 102850 12652 12500.8 15713 - 18408 -
Thorium,Th,90,109651 20472 19693 16300 5182 4830 4046 3491 3332 1330 1168 966.4 712.1 675.2 342.4 333.1 290 229 182 92.5 85.4 41.4 24.5 16.6,93350 89953 105609 12968.7 12809.6 16202.2 15623.7 18982.5 2996.1
Protactinium,Pa,91,112601 21105 20314 16733 5367 5001 4174 3611 3442 1387 1224 1007 743 708 371 360 310 232 232 94 94 - - -,95868 92287 108427 13290.7 13122.2 16702 16024 19568 3082.3
Uranium,U,92,115606 21757 20948 17166 5548 5182 4303 3728 3552 1439 1271 1043 778.3 736.2 388.2 377.4 321 257 192 102.8 94.2 43.9 26.8 16.8,98439 94665 111300 13614.7 13438.8 17220 16428.3 20167.1 3170.8
Neptunium,Np,93,118669 22427 21600 17610 5739 5366 4435 3849 3664 1501 1328 1085 816 771 414 403 338 274 206 109 101 47 29 18,- - - 13944.1 13759.7 17750.2 16840 20784.8 -
Plutonium,Pu,94,121791 23104 22266 18057 5933 5547 4563 3970 3775 1559 1380 1123 846 798 436 424 350 283 213 113 102 46 29 16,- - - 14278.6 14084.2 18293.7 17255.3 21417.3 -
Americium,Am,95,124982 23808 22952 18510 6133 5739 4698 4096 3890 1620 1438 1165 880 829 461 446 365 298 219 116 106 48 29 16,- - - 14617.2 14411.9 18852 17676.5 22065.2 -
Curium,Cm,96
Berkelium,Bk,97
Californium,Cf,98
Einsteinium,Es,99
Fermium,Fm,100
Mendelevium,Md,101
Nobelium,No,102
Lawrencium,Lr,103
Rutherfordium,Rf,104
Dubnium,Ha,105
Seaborgium,Sg,106
Bohrium,Bh,107
Hassium,Hs,108
Meitnerium,Mt,109
